day HS  SSL CSL KW
1	0.21	0.01	0.02	0.64
2	0.21	0.01	0.02	0.64
3	0.21	0.01	0.02	0.64
4	0.21	0.01	0.02	0.64
5	0.21	0.01	0.02	0.64
6	0.21	0.01	0.02	0.64
7	0.21	0.01	0.02	0.64
8	0.21	0.01	0.02	0.64
9	0.21	0.01	0.02	0.64
10	0.21	0.01	0.02	0.64
11	0.21	0.01	0.02	0.64
12	0.21	0.01	0.02	0.64
13	0.21	0.01	0.02	0.64
14	0.21	0.01	0.02	0.64
15	0.21	0.01	0.02	0.64
16	0.21	0.01	0.02	0.64
17	0.21	0.01	0.02	0.64
18	0.21	0.01	0.02	0.64
19	0.21	0.01	0.02	0.64
20	0.21	0.01	0.02	0.64
21	0.21	0.01	0.02	0.64
22	0.21	0.01	0.02	0.64
23	0.21	0.01	0.02	0.64
24	0.21	0.01	0.02	0.64
25	0.21	0.01	0.02	0.64
26	0.21	0.01	0.02	0.64
27	0.21	0.01	0.02	0.64
28	0.21	0.01	0.02	0.64
29	0.21	0.01	0.02	0.64
30	0.21	0.01	0.02	0.64
31	0.21	0.01	0.02	0.64
32	0.21	0.01	0.02	0.64
33	0.21	0.01	0.02	0.64
34	0.21	0.01	0.02	0.64
35	0.21	0.01	0.02	0.64
36	0.21	0.01	0.02	0.64
37	0.21	0.01	0.02	0.64
38	0.21	0.01	0.02	0.64
39	0.21	0.01	0.02	0.64
40	0.21	0.01	0.02	0.64
41	0.21	0.01	0.02	0.64
42	0.21	0.01	0.02	0.64
43	0.21	0.01	0.02	0.64
44	0.21	0.01	0.02	0.64
45	0.21	0.01	0.02	0.64
46	0.21	0.01	0.02	0.64
47	0.21	0.01	0.02	0.64
48	0.21	0.01	0.02	0.64
49	0.21	0.01	0.02	0.64
50	0.21	0.01	0.02	0.64
51	0.21	0.01	0.02	0.64
52	0.21	0.01	0.02	0.64
53	0.21	0.01	0.02	0.64
54	0.21	0.01	0.02	0.64
55	0.21	0.01	0.02	0.64
56	0.21	0.01	0.02	0.64
57	0.21	0.01	0.02	0.64
58	0.21	0.01	0.02	0.64
59	0.21	0.01	0.02	0.64
60	0.21	0.01	0.02	0.64
61	0.21	0.01	0.02	0.64
62	0.21	0.01	0.02	0.64
63	0.21	0.01	0.02	0.64
64	0.21	0.01	0.02	0.64
65	0.21	0.01	0.02	0.64
66	0.21	0.01	0.02	0.64
67	0.21	0.01	0.02	0.64
68	0.21	0.01	0.02	0.64
69	0.21	0.01	0.02	0.64
70	0.21	0.01	0.02	0.64
71	0.21	0.01	0.02	0.64
72	0.21	0.01	0.02	0.64
73	0.21	0.01	0.02	0.64
74	0.21	0.01	0.02	0.64
75	0.21	0.01	0.02	0.64
76	0.21	0.01	0.02	0.64
77	0.21	0.01	0.02	0.64
78	0.21	0.01	0.02	0.64
79	0.21	0.01	0.02	0.64
80	0.21	0.01	0.02	0.64
81	0.21	0.01	0.02	0.64
82	0.21	0.01	0.02	0.64
83	0.21	0.01	0.02	0.64
84	0.21	0.01	0.02	0.64
85	0.21	0.01	0.02	0.64
86	0.21	0.01	0.02	0.64
87	0.21	0.01	0.02	0.64
88	0.21	0.01	0.02	0.64
89	0.21	0.01	0.02	0.64
90	0.21	0.01	0.02	0.64
91	0.21	0.01	0.02	0.64
92	0.21	0.01	0.02	0.64
93	0.21	0.01	0.02	0.64
94	0.21	0.01	0.02	0.64
95	0.21	0.01	0.02	0.64
96	0.21	0.01	0.02	0.64
97	0.21	0.01	0.02	0.64
98	0.21	0.01	0.02	0.64
99	0.21	0.01	0.02	0.64
100	0.21	0.01	0.02	0.64
101	0.21	0.01	0.02	0.64
102	0.21	0.01	0.02	0.64
103	0.21	0.01	0.02	0.64
104	0.21	0.01	0.02	0.64
105	0.21	0.01	0.02	0.64
106	0.21	0.01	0.02	0.64
107	0.21	0.01	0.02	0.64
108	0.21	0.01	0.02	0.64
109	0.21	0.01	0.02	0.64
110	0.21	0.01	0.02	0.64
111	0.21	0.01	0.02	0.64
112	0.21	0.01	0.02	0.64
113	0.21	0.01	0.02	0.64
114	0.21	0.01	0.02	0.64
115	0.21	0.01	0.02	0.64
116	0.21	0.01	0.02	0.64
117	0.21	0.01	0.02	0.64
118	0.21	0.01	0.02	0.64
119	0.21	0.01	0.02	0.64
120	0.21	0.01	0.02	0.64
121	0.21	0.01	0.02	0.64
122	0.21	0.01	0.02	0.95
123	0.21	0.01	0.02	0.95
124	0.21	0.01	0.02	0.95
125	0.21	0.01	0.02	0.95
126	0.21	0.01	0.02	0.95
127	0.21	0.01	0.02	0.95
128	0.21	0.01	0.02	0.95
129	0.21	0.01	0.02	0.95
130	0.21	0.01	0.02	0.95
131	0.21	0.01	0.02	0.95
132	0.21	0.01	0.02	0.95
133	0.21	0.01	0.02	0.95
134	0.21	0.01	0.02	0.95
135	0.21	0.01	0.02	0.95
136	0.21	0.01	0.02	0.95
137	0.21	0.01	0.02	0.95
138	0.21	0.01	0.02	0.95
139	0.21	0.01	0.02	0.95
140	0.21	0.01	0.02	0.95
141	0.21	0.01	0.02	0.95
142	0.21	0.01	0.02	0.95
143	0.21	0.01	0.02	0.95
144	0.21	0.01	0.02	0.95
145	0.21	0.01	0.02	0.95
146	0.21	0.01	0.02	0.95
147	0.21	0.01	0.02	0.95
148	0.21	0.01	0.02	0.95
149	0.21	0.01	0.02	0.95
150	0.21	0.01	0.02	0.95
151	0.21	0.01	0.02	0.95
152	0.21	0.01	0.02	0.95
153	0.21	0.01	0.02	0.95
154	0.21	0.01	0.02	0.95
155	0.21	0.01	0.02	0.95
156	0.21	0.01	0.02	0.95
157	0.21	0.01	0.02	0.95
158	0.21	0.01	0.02	0.95
159	0.21	0.01	0.02	0.95
160	0.21	0.01	0.02	0.95
161	0.21	0.01	0.02	0.95
162	0.21	0.01	0.02	0.95
163	0.21	0.01	0.02	0.95
164	0.21	0.01	0.02	0.95
165	0.21	0.01	0.02	0.95
166	0.21	0.01	0.02	0.95
167	0.21	0.01	0.02	0.95
168	0.21	0.01	0.02	0.95
169	0.21	0.01	0.02	0.95
170	0.21	0.01	0.02	0.95
171	0.21	0.01	0.02	0.95
172	0.21	0.01	0.02	0.95
173	0.21	0.01	0.02	0.95
174	0.21	0.01	0.02	0.95
175	0.21	0.01	0.02	0.95
176	0.21	0.01	0.02	0.95
177	0.21	0.01	0.02	0.95
178	0.21	0.01	0.02	0.95
179	0.21	0.01	0.02	0.95
180	0.21	0.01	0.02	0.95
181	0.21	0.01	0.02	0.95
182	0.21	0.01	0.02	0.95
183	0.21	0.01	0.02	0.95
184	0.21	0.01	0.02	0.95
185	0.21	0.01	0.02	0.95
186	0.21	0.01	0.02	0.95
187	0.21	0.01	0.02	0.95
188	0.21	0.01	0.02	0.95
189	0.21	0.01	0.02	0.95
190	0.21	0.01	0.02	0.95
191	0.21	0.01	0.02	0.95
192	0.21	0.01	0.02	0.95
193	0.21	0.01	0.02	0.95
194	0.21	0.01	0.02	0.95
195	0.21	0.01	0.02	0.95
196	0.21	0.01	0.02	0.95
197	0.21	0.01	0.02	0.95
198	0.21	0.01	0.02	0.95
199	0.21	0.01	0.02	0.95
200	0.21	0.01	0.02	0.95
201	0.21	0.01	0.02	0.95
202	0.21	0.01	0.02	0.95
203	0.21	0.01	0.02	0.95
204	0.21	0.01	0.02	0.95
205	0.21	0.01	0.02	0.95
206	0.21	0.01	0.02	0.95
207	0.21	0.01	0.02	0.95
208	0.21	0.01	0.02	0.95
209	0.21	0.01	0.02	0.95
210	0.21	0.01	0.02	0.95
211	0.21	0.01	0.02	0.95
212	0.21	0.01	0.02	0.95
213	0.21	0.01	0.02	0.95
214	0.21	0.01	0.02	0.95
215	0.21	0.01	0.02	0.95
216	0.21	0.01	0.02	0.95
217	0.21	0.01	0.02	0.95
218	0.21	0.01	0.02	0.95
219	0.21	0.01	0.02	0.95
220	0.21	0.01	0.02	0.95
221	0.21	0.01	0.02	0.95
222	0.21	0.01	0.02	0.95
223	0.21	0.01	0.02	0.95
224	0.21	0.01	0.02	0.95
225	0.21	0.01	0.02	0.95
226	0.21	0.01	0.02	0.95
227	0.21	0.01	0.02	0.95
228	0.21	0.01	0.02	0.95
229	0.21	0.01	0.02	0.95
230	0.21	0.01	0.02	0.95
231	0.21	0.01	0.02	0.95
232	0.21	0.01	0.02	0.95
233	0.21	0.01	0.02	0.95
234	0.21	0.01	0.02	0.95
235	0.21	0.01	0.02	0.95
236	0.21	0.01	0.02	0.95
237	0.21	0.01	0.02	0.95
238	0.21	0.01	0.02	0.95
239	0.21	0.01	0.02	0.95
240	0.21	0.01	0.02	0.95
241	0.21	0.01	0.02	0.95
242	0.21	0.01	0.02	0.95
243	0.21	0.01	0.02	0.95
244	0.21	0.01	0.02	0.95
245	0.21	0.01	0.02	0.95
246	0.21	0.01	0.02	0.95
247	0.21	0.01	0.02	0.95
248	0.21	0.01	0.02	0.95
249	0.21	0.01	0.02	0.95
250	0.21	0.01	0.02	0.95
251	0.21	0.01	0.02	0.95
252	0.21	0.01	0.02	0.95
253	0.21	0.01	0.02	0.95
254	0.21	0.01	0.02	0.95
255	0.21	0.01	0.02	0.95
256	0.21	0.01	0.02	0.95
257	0.21	0.01	0.02	0.95
258	0.21	0.01	0.02	0.95
259	0.21	0.01	0.02	0.95
260	0.21	0.01	0.02	0.95
261	0.21	0.01	0.02	0.95
262	0.21	0.01	0.02	0.95
263	0.21	0.01	0.02	0.95
264	0.21	0.01	0.02	0.95
265	0.21	0.01	0.02	0.95
266	0.21	0.01	0.02	0.95
267	0.21	0.01	0.02	0.95
268	0.21	0.01	0.02	0.95
269	0.21	0.01	0.02	0.95
270	0.21	0.01	0.02	0.95
271	0.21	0.01	0.02	0.95
272	0.21	0.01	0.02	0.95
273	0.21	0.01	0.02	0.95
274	0.21	0.01	0.02	0.95
275	0.21	0.01	0.02	0.64
276	0.21	0.01	0.02	0.64
277	0.21	0.01	0.02	0.64
278	0.21	0.01	0.02	0.64
279	0.21	0.01	0.02	0.64
280	0.21	0.01	0.02	0.64
281	0.21	0.01	0.02	0.64
282	0.21	0.01	0.02	0.64
283	0.21	0.01	0.02	0.64
284	0.21	0.01	0.02	0.64
285	0.21	0.01	0.02	0.64
286	0.21	0.01	0.02	0.64
287	0.21	0.01	0.02	0.64
288	0.21	0.01	0.02	0.64
289	0.21	0.01	0.02	0.64
290	0.21	0.01	0.02	0.64
291	0.21	0.01	0.02	0.64
292	0.21	0.01	0.02	0.64
293	0.21	0.01	0.02	0.64
294	0.21	0.01	0.02	0.64
295	0.21	0.01	0.02	0.64
296	0.21	0.01	0.02	0.64
297	0.21	0.01	0.02	0.64
298	0.21	0.01	0.02	0.64
299	0.21	0.01	0.02	0.64
300	0.21	0.01	0.02	0.64
301	0.21	0.01	0.02	0.64
302	0.21	0.01	0.02	0.64
303	0.21	0.01	0.02	0.64
304	0.21	0.01	0.02	0.64
305	0.21	0.01	0.02	0.64
306	0.21	0.01	0.02	0.64
307	0.21	0.01	0.02	0.64
308	0.21	0.01	0.02	0.64
309	0.21	0.01	0.02	0.64
310	0.21	0.01	0.02	0.64
311	0.21	0.01	0.02	0.64
312	0.21	0.01	0.02	0.64
313	0.21	0.01	0.02	0.64
314	0.21	0.01	0.02	0.64
315	0.21	0.01	0.02	0.64
316	0.21	0.01	0.02	0.64
317	0.21	0.01	0.02	0.64
318	0.21	0.01	0.02	0.64
319	0.21	0.01	0.02	0.64
320	0.21	0.01	0.02	0.64
321	0.21	0.01	0.02	0.64
322	0.21	0.01	0.02	0.64
323	0.21	0.01	0.02	0.64
324	0.21	0.01	0.02	0.64
325	0.21	0.01	0.02	0.64
326	0.21	0.01	0.02	0.64
327	0.21	0.01	0.02	0.64
328	0.21	0.01	0.02	0.64
329	0.21	0.01	0.02	0.64
330	0.21	0.01	0.02	0.64
331	0.21	0.01	0.02	0.64
332	0.21	0.01	0.02	0.64
333	0.21	0.01	0.02	0.64
334	0.21	0.01	0.02	0.64
335	0.21	0.01	0.02	0.64
336	0.21	0.01	0.02	0.64
337	0.21	0.01	0.02	0.64
338	0.21	0.01	0.02	0.64
339	0.21	0.01	0.02	0.64
340	0.21	0.01	0.02	0.64
341	0.21	0.01	0.02	0.64
342	0.21	0.01	0.02	0.64
343	0.21	0.01	0.02	0.64
344	0.21	0.01	0.02	0.64
345	0.21	0.01	0.02	0.64
346	0.21	0.01	0.02	0.64
347	0.21	0.01	0.02	0.64
348	0.21	0.01	0.02	0.64
349	0.21	0.01	0.02	0.64
350	0.21	0.01	0.02	0.64
351	0.21	0.01	0.02	0.64
352	0.21	0.01	0.02	0.64
353	0.21	0.01	0.02	0.64
354	0.21	0.01	0.02	0.64
355	0.21	0.01	0.02	0.64
356	0.21	0.01	0.02	0.64
357	0.21	0.01	0.02	0.64
358	0.21	0.01	0.02	0.64
359	0.21	0.01	0.02	0.64
360	0.21	0.01	0.02	0.64
361	0.21	0.01	0.02	0.64
362	0.21	0.01	0.02	0.64
363	0.21	0.01	0.02	0.64
364	0.21	0.01	0.02	0.64
365	0.21	0.01	0.02	0.64
