day HS  SSL CSL KW				
1	0.068	0.064	0.061	0.51
2	0.068	0.064	0.061	0.51
3	0.068	0.064	0.061	0.51
4	0.068	0.064	0.061	0.51
5	0.068	0.064	0.061	0.51
6	0.068	0.064	0.061	0.51
7	0.068	0.064	0.061	0.51
8	0.068	0.064	0.061	0.51
9	0.068	0.064	0.061	0.51
10	0.068	0.064	0.061	0.51
11	0.068	0.064	0.061	0.51
12	0.068	0.064	0.061	0.51
13	0.068	0.064	0.061	0.51
14	0.068	0.064	0.061	0.51
15	0.068	0.064	0.061	0.51
16	0.068	0.064	0.061	0.51
17	0.068	0.064	0.061	0.51
18	0.068	0.064	0.061	0.51
19	0.068	0.064	0.061	0.51
20	0.068	0.064	0.061	0.51
21	0.068	0.064	0.061	0.51
22	0.068	0.064	0.061	0.51
23	0.068	0.064	0.061	0.51
24	0.068	0.064	0.061	0.51
25	0.068	0.064	0.061	0.51
26	0.068	0.064	0.061	0.51
27	0.068	0.064	0.061	0.51
28	0.068	0.064	0.061	0.51
29	0.068	0.064	0.061	0.51
30	0.068	0.064	0.061	0.51
31	0.068	0.064	0.061	0.51
32	0.068	0.064	0.061	0.51
33	0.068	0.064	0.061	0.51
34	0.068	0.064	0.061	0.51
35	0.068	0.064	0.061	0.51
36	0.068	0.064	0.061	0.51
37	0.068	0.064	0.061	0.51
38	0.068	0.064	0.061	0.51
39	0.068	0.064	0.061	0.51
40	0.068	0.064	0.061	0.51
41	0.068	0.064	0.061	0.51
42	0.068	0.064	0.061	0.51
43	0.068	0.064	0.061	0.51
44	0.068	0.064	0.061	0.51
45	0.068	0.064	0.061	0.51
46	0.068	0.064	0.061	0.51
47	0.068	0.064	0.061	0.51
48	0.068	0.064	0.061	0.51
49	0.068	0.064	0.061	0.51
50	0.068	0.064	0.061	0.51
51	0.068	0.064	0.061	0.51
52	0.068	0.064	0.061	0.51
53	0.068	0.064	0.061	0.51
54	0.068	0.064	0.061	0.51
55	0.068	0.064	0.061	0.51
56	0.068	0.064	0.061	0.51
57	0.068	0.064	0.061	0.51
58	0.068	0.064	0.061	0.51
59	0.068	0.064	0.061	0.51
60	0.068	0.064	0.061	0.51
61	0.068	0.064	0.061	0.51
62	0.068	0.064	0.061	0.51
63	0.068	0.064	0.061	0.51
64	0.068	0.064	0.061	0.51
65	0.068	0.064	0.061	0.51
66	0.068	0.064	0.061	0.51
67	0.068	0.064	0.061	0.51
68	0.068	0.064	0.061	0.51
69	0.068	0.064	0.061	0.51
70	0.068	0.064	0.061	0.51
71	0.068	0.064	0.061	0.51
72	0.068	0.064	0.061	0.51
73	0.068	0.064	0.061	0.51
74	0.068	0.064	0.061	0.51
75	0.068	0.064	0.061	0.51
76	0.068	0.064	0.061	0.51
77	0.068	0.064	0.061	0.51
78	0.068	0.064	0.061	0.51
79	0.068	0.064	0.061	0.51
80	0.068	0.064	0.061	0.51
81	0.068	0.064	0.061	0.51
82	0.068	0.064	0.061	0.51
83	0.068	0.064	0.061	0.51
84	0.068	0.064	0.061	0.51
85	0.068	0.064	0.061	0.51
86	0.068	0.064	0.061	0.51
87	0.068	0.064	0.061	0.51
88	0.068	0.064	0.061	0.51
89	0.068	0.064	0.061	0.51
90	0.068	0.064	0.061	0.51
91	0.068	0.064	0.061	0.51
92	0.068	0.064	0.061	0.51
93	0.068	0.064	0.061	0.51
94	0.068	0.064	0.061	0.51
95	0.068	0.064	0.061	0.51
96	0.068	0.064	0.061	0.51
97	0.068	0.064	0.061	0.51
98	0.068	0.064	0.061	0.51
99	0.068	0.064	0.061	0.51
100	0.068	0.064	0.061	0.51
101	0.068	0.064	0.061	0.51
102	0.068	0.064	0.061	0.51
103	0.068	0.064	0.061	0.51
104	0.068	0.064	0.061	0.51
105	0.068	0.064	0.061	0.51
106	0.068	0.064	0.061	0.51
107	0.068	0.064	0.061	0.51
108	0.068	0.064	0.061	0.51
109	0.068	0.064	0.061	0.51
110	0.068	0.064	0.061	0.51
111	0.068	0.064	0.061	0.51
112	0.068	0.064	0.061	0.51
113	0.068	0.064	0.061	0.51
114	0.068	0.064	0.061	0.51
115	0.068	0.064	0.061	0.51
116	0.068	0.064	0.061	0.51
117	0.068	0.064	0.061	0.51
118	0.068	0.064	0.061	0.51
119	0.068	0.064	0.061	0.51
120	0.068	0.064	0.061	0.51
121	0.068	0.064	0.061	0.51
122	0.068	0.064	0.061	0.95
123	0.068	0.064	0.061	0.95
124	0.068	0.064	0.061	0.95
125	0.068	0.064	0.061	0.95
126	0.068	0.064	0.061	0.95
127	0.068	0.064	0.061	0.95
128	0.068	0.064	0.061	0.95
129	0.068	0.064	0.061	0.95
130	0.068	0.064	0.061	0.95
131	0.068	0.064	0.061	0.95
132	0.068	0.064	0.061	0.95
133	0.068	0.064	0.061	0.95
134	0.068	0.064	0.061	0.95
135	0.068	0.064	0.061	0.95
136	0.068	0.064	0.061	0.95
137	0.068	0.064	0.061	0.95
138	0.068	0.064	0.061	0.95
139	0.068	0.064	0.061	0.95
140	0.068	0.064	0.061	0.95
141	0.068	0.064	0.061	0.95
142	0.068	0.064	0.061	0.95
143	0.068	0.064	0.061	0.95
144	0.068	0.064	0.061	0.95
145	0.068	0.064	0.061	0.95
146	0.068	0.064	0.061	0.95
147	0.068	0.064	0.061	0.95
148	0.068	0.064	0.061	0.95
149	0.068	0.064	0.061	0.95
150	0.068	0.064	0.061	0.95
151	0.068	0.064	0.061	0.95
152	0.068	0.064	0.061	0.95
153	0.068	0.064	0.061	0.95
154	0.068	0.064	0.061	0.95
155	0.068	0.064	0.061	0.95
156	0.068	0.064	0.061	0.95
157	0.068	0.064	0.061	0.95
158	0.068	0.064	0.061	0.95
159	0.068	0.064	0.061	0.95
160	0.068	0.064	0.061	0.95
161	0.068	0.064	0.061	0.95
162	0.068	0.064	0.061	0.95
163	0.068	0.064	0.061	0.95
164	0.068	0.064	0.061	0.95
165	0.068	0.064	0.061	0.95
166	0.068	0.064	0.061	0.95
167	0.068	0.064	0.061	0.95
168	0.068	0.064	0.061	0.95
169	0.068	0.064	0.061	0.95
170	0.068	0.064	0.061	0.95
171	0.068	0.064	0.061	0.95
172	0.068	0.064	0.061	0.95
173	0.068	0.064	0.061	0.95
174	0.068	0.064	0.061	0.95
175	0.068	0.064	0.061	0.95
176	0.068	0.064	0.061	0.95
177	0.068	0.064	0.061	0.95
178	0.068	0.064	0.061	0.95
179	0.068	0.064	0.061	0.95
180	0.068	0.064	0.061	0.95
181	0.068	0.064	0.061	0.95
182	0.068	0.064	0.061	0.95
183	0.068	0.064	0.061	0.95
184	0.068	0.064	0.061	0.95
185	0.068	0.064	0.061	0.95
186	0.068	0.064	0.061	0.95
187	0.068	0.064	0.061	0.95
188	0.068	0.064	0.061	0.95
189	0.068	0.064	0.061	0.95
190	0.068	0.064	0.061	0.95
191	0.068	0.064	0.061	0.95
192	0.068	0.064	0.061	0.95
193	0.068	0.064	0.061	0.95
194	0.068	0.064	0.061	0.95
195	0.068	0.064	0.061	0.95
196	0.068	0.064	0.061	0.95
197	0.068	0.064	0.061	0.95
198	0.068	0.064	0.061	0.95
199	0.068	0.064	0.061	0.95
200	0.068	0.064	0.061	0.95
201	0.068	0.064	0.061	0.95
202	0.068	0.064	0.061	0.95
203	0.068	0.064	0.061	0.95
204	0.068	0.064	0.061	0.95
205	0.068	0.064	0.061	0.95
206	0.068	0.064	0.061	0.95
207	0.068	0.064	0.061	0.95
208	0.068	0.064	0.061	0.95
209	0.068	0.064	0.061	0.95
210	0.068	0.064	0.061	0.95
211	0.068	0.064	0.061	0.95
212	0.068	0.064	0.061	0.95
213	0.068	0.064	0.061	0.95
214	0.068	0.064	0.061	0.95
215	0.068	0.064	0.061	0.95
216	0.068	0.064	0.061	0.95
217	0.068	0.064	0.061	0.95
218	0.068	0.064	0.061	0.95
219	0.068	0.064	0.061	0.95
220	0.068	0.064	0.061	0.95
221	0.068	0.064	0.061	0.95
222	0.068	0.064	0.061	0.95
223	0.068	0.064	0.061	0.95
224	0.068	0.064	0.061	0.95
225	0.068	0.064	0.061	0.95
226	0.068	0.064	0.061	0.95
227	0.068	0.064	0.061	0.95
228	0.068	0.064	0.061	0.95
229	0.068	0.064	0.061	0.95
230	0.068	0.064	0.061	0.95
231	0.068	0.064	0.061	0.95
232	0.068	0.064	0.061	0.95
233	0.068	0.064	0.061	0.95
234	0.068	0.064	0.061	0.95
235	0.068	0.064	0.061	0.95
236	0.068	0.064	0.061	0.95
237	0.068	0.064	0.061	0.95
238	0.068	0.064	0.061	0.95
239	0.068	0.064	0.061	0.95
240	0.068	0.064	0.061	0.95
241	0.068	0.064	0.061	0.95
242	0.068	0.064	0.061	0.95
243	0.068	0.064	0.061	0.95
244	0.068	0.064	0.061	0.95
245	0.068	0.064	0.061	0.95
246	0.068	0.064	0.061	0.95
247	0.068	0.064	0.061	0.95
248	0.068	0.064	0.061	0.95
249	0.068	0.064	0.061	0.95
250	0.068	0.064	0.061	0.95
251	0.068	0.064	0.061	0.95
252	0.068	0.064	0.061	0.95
253	0.068	0.064	0.061	0.95
254	0.068	0.064	0.061	0.95
255	0.068	0.064	0.061	0.95
256	0.068	0.064	0.061	0.95
257	0.068	0.064	0.061	0.95
258	0.068	0.064	0.061	0.95
259	0.068	0.064	0.061	0.95
260	0.068	0.064	0.061	0.95
261	0.068	0.064	0.061	0.95
262	0.068	0.064	0.061	0.95
263	0.068	0.064	0.061	0.95
264	0.068	0.064	0.061	0.95
265	0.068	0.064	0.061	0.95
266	0.068	0.064	0.061	0.95
267	0.068	0.064	0.061	0.95
268	0.068	0.064	0.061	0.95
269	0.068	0.064	0.061	0.95
270	0.068	0.064	0.061	0.95
271	0.068	0.064	0.061	0.95
272	0.068	0.064	0.061	0.95
273	0.068	0.064	0.061	0.95
274	0.068	0.064	0.061	0.95
275	0.068	0.064	0.061	0.51
276	0.068	0.064	0.061	0.51
277	0.068	0.064	0.061	0.51
278	0.068	0.064	0.061	0.51
279	0.068	0.064	0.061	0.51
280	0.068	0.064	0.061	0.51
281	0.068	0.064	0.061	0.51
282	0.068	0.064	0.061	0.51
283	0.068	0.064	0.061	0.51
284	0.068	0.064	0.061	0.51
285	0.068	0.064	0.061	0.51
286	0.068	0.064	0.061	0.51
287	0.068	0.064	0.061	0.51
288	0.068	0.064	0.061	0.51
289	0.068	0.064	0.061	0.51
290	0.068	0.064	0.061	0.51
291	0.068	0.064	0.061	0.51
292	0.068	0.064	0.061	0.51
293	0.068	0.064	0.061	0.51
294	0.068	0.064	0.061	0.51
295	0.068	0.064	0.061	0.51
296	0.068	0.064	0.061	0.51
297	0.068	0.064	0.061	0.51
298	0.068	0.064	0.061	0.51
299	0.068	0.064	0.061	0.51
300	0.068	0.064	0.061	0.51
301	0.068	0.064	0.061	0.51
302	0.068	0.064	0.061	0.51
303	0.068	0.064	0.061	0.51
304	0.068	0.064	0.061	0.51
305	0.068	0.064	0.061	0.51
306	0.068	0.064	0.061	0.51
307	0.068	0.064	0.061	0.51
308	0.068	0.064	0.061	0.51
309	0.068	0.064	0.061	0.51
310	0.068	0.064	0.061	0.51
311	0.068	0.064	0.061	0.51
312	0.068	0.064	0.061	0.51
313	0.068	0.064	0.061	0.51
314	0.068	0.064	0.061	0.51
315	0.068	0.064	0.061	0.51
316	0.068	0.064	0.061	0.51
317	0.068	0.064	0.061	0.51
318	0.068	0.064	0.061	0.51
319	0.068	0.064	0.061	0.51
320	0.068	0.064	0.061	0.51
321	0.068	0.064	0.061	0.51
322	0.068	0.064	0.061	0.51
323	0.068	0.064	0.061	0.51
324	0.068	0.064	0.061	0.51
325	0.068	0.064	0.061	0.51
326	0.068	0.064	0.061	0.51
327	0.068	0.064	0.061	0.51
328	0.068	0.064	0.061	0.51
329	0.068	0.064	0.061	0.51
330	0.068	0.064	0.061	0.51
331	0.068	0.064	0.061	0.51
332	0.068	0.064	0.061	0.51
333	0.068	0.064	0.061	0.51
334	0.068	0.064	0.061	0.51
335	0.068	0.064	0.061	0.51
336	0.068	0.064	0.061	0.51
337	0.068	0.064	0.061	0.51
338	0.068	0.064	0.061	0.51
339	0.068	0.064	0.061	0.51
340	0.068	0.064	0.061	0.51
341	0.068	0.064	0.061	0.51
342	0.068	0.064	0.061	0.51
343	0.068	0.064	0.061	0.51
344	0.068	0.064	0.061	0.51
345	0.068	0.064	0.061	0.51
346	0.068	0.064	0.061	0.51
347	0.068	0.064	0.061	0.51
348	0.068	0.064	0.061	0.51
349	0.068	0.064	0.061	0.51
350	0.068	0.064	0.061	0.51
351	0.068	0.064	0.061	0.51
352	0.068	0.064	0.061	0.51
353	0.068	0.064	0.061	0.51
354	0.068	0.064	0.061	0.51
355	0.068	0.064	0.061	0.51
356	0.068	0.064	0.061	0.51
357	0.068	0.064	0.061	0.51
358	0.068	0.064	0.061	0.51
359	0.068	0.064	0.061	0.51
360	0.068	0.064	0.061	0.51
361	0.068	0.064	0.061	0.51
362	0.068	0.064	0.061	0.51
363	0.068	0.064	0.061	0.51
364	0.068	0.064	0.061	0.51
365	0.068	0.064	0.061	0.51
