day	predator	predatorID	ocean0	ocean1	ocean2	ocean3	ocean4
1	HS	1	0.31	0.1725	0.1725	0.1725	0.1725
2	HS	1	0.31	0.1725	0.1725	0.1725	0.1725
3	HS	1	0.31	0.1725	0.1725	0.1725	0.1725
4	HS	1	0.31	0.1725	0.1725	0.1725	0.1725
5	HS	1	0.31	0.1725	0.1725	0.1725	0.1725
6	HS	1	0.31	0.1725	0.1725	0.1725	0.1725
7	HS	1	0.31	0.1725	0.1725	0.1725	0.1725
8	HS	1	0.31	0.1725	0.1725	0.1725	0.1725
9	HS	1	0.31	0.1725	0.1725	0.1725	0.1725
10	HS	1	0.31	0.1725	0.1725	0.1725	0.1725
11	HS	1	0.31	0.1725	0.1725	0.1725	0.1725
12	HS	1	0.31	0.1725	0.1725	0.1725	0.1725
13	HS	1	0.31	0.1725	0.1725	0.1725	0.1725
14	HS	1	0.31	0.1725	0.1725	0.1725	0.1725
15	HS	1	0.31	0.1725	0.1725	0.1725	0.1725
16	HS	1	0.31	0.1725	0.1725	0.1725	0.1725
17	HS	1	0.31	0.1725	0.1725	0.1725	0.1725
18	HS	1	0.31	0.1725	0.1725	0.1725	0.1725
19	HS	1	0.31	0.1725	0.1725	0.1725	0.1725
20	HS	1	0.31	0.1725	0.1725	0.1725	0.1725
21	HS	1	0.31	0.1725	0.1725	0.1725	0.1725
22	HS	1	0.31	0.1725	0.1725	0.1725	0.1725
23	HS	1	0.31	0.1725	0.1725	0.1725	0.1725
24	HS	1	0.31	0.1725	0.1725	0.1725	0.1725
25	HS	1	0.31	0.1725	0.1725	0.1725	0.1725
26	HS	1	0.31	0.1725	0.1725	0.1725	0.1725
27	HS	1	0.31	0.1725	0.1725	0.1725	0.1725
28	HS	1	0.31	0.1725	0.1725	0.1725	0.1725
29	HS	1	0.31	0.1725	0.1725	0.1725	0.1725
30	HS	1	0.31	0.1725	0.1725	0.1725	0.1725
31	HS	1	0.31	0.1725	0.1725	0.1725	0.1725
32	HS	1	0.31	0.1725	0.1725	0.1725	0.1725
33	HS	1	0.31	0.1725	0.1725	0.1725	0.1725
34	HS	1	0.31	0.1725	0.1725	0.1725	0.1725
35	HS	1	0.31	0.1725	0.1725	0.1725	0.1725
36	HS	1	0.31	0.1725	0.1725	0.1725	0.1725
37	HS	1	0.31	0.1725	0.1725	0.1725	0.1725
38	HS	1	0.31	0.1725	0.1725	0.1725	0.1725
39	HS	1	0.31	0.1725	0.1725	0.1725	0.1725
40	HS	1	0.31	0.1725	0.1725	0.1725	0.1725
41	HS	1	0.31	0.1725	0.1725	0.1725	0.1725
42	HS	1	0.31	0.1725	0.1725	0.1725	0.1725
43	HS	1	0.31	0.1725	0.1725	0.1725	0.1725
44	HS	1	0.31	0.1725	0.1725	0.1725	0.1725
45	HS	1	0.31	0.1725	0.1725	0.1725	0.1725
46	HS	1	0.31	0.1725	0.1725	0.1725	0.1725
47	HS	1	0.31	0.1725	0.1725	0.1725	0.1725
48	HS	1	0.31	0.1725	0.1725	0.1725	0.1725
49	HS	1	0.31	0.1725	0.1725	0.1725	0.1725
50	HS	1	0.31	0.1725	0.1725	0.1725	0.1725
51	HS	1	0.31	0.1725	0.1725	0.1725	0.1725
52	HS	1	0.31	0.1725	0.1725	0.1725	0.1725
53	HS	1	0.31	0.1725	0.1725	0.1725	0.1725
54	HS	1	0.31	0.1725	0.1725	0.1725	0.1725
55	HS	1	0.31	0.1725	0.1725	0.1725	0.1725
56	HS	1	0.31	0.1725	0.1725	0.1725	0.1725
57	HS	1	0.31	0.1725	0.1725	0.1725	0.1725
58	HS	1	0.31	0.1725	0.1725	0.1725	0.1725
59	HS	1	0.31	0.1725	0.1725	0.1725	0.1725
60	HS	1	0.31	0.1725	0.1725	0.1725	0.1725
61	HS	1	0.31	0.1725	0.1725	0.1725	0.1725
62	HS	1	0.31	0.1725	0.1725	0.1725	0.1725
63	HS	1	0.31	0.1725	0.1725	0.1725	0.1725
64	HS	1	0.31	0.1725	0.1725	0.1725	0.1725
65	HS	1	0.31	0.1725	0.1725	0.1725	0.1725
66	HS	1	0.31	0.1725	0.1725	0.1725	0.1725
67	HS	1	0.31	0.1725	0.1725	0.1725	0.1725
68	HS	1	0.31	0.1725	0.1725	0.1725	0.1725
69	HS	1	0.31	0.1725	0.1725	0.1725	0.1725
70	HS	1	0.31	0.1725	0.1725	0.1725	0.1725
71	HS	1	0.31	0.1725	0.1725	0.1725	0.1725
72	HS	1	0.31	0.1725	0.1725	0.1725	0.1725
73	HS	1	0.31	0.1725	0.1725	0.1725	0.1725
74	HS	1	0.31	0.1725	0.1725	0.1725	0.1725
75	HS	1	0.31	0.1725	0.1725	0.1725	0.1725
76	HS	1	0.31	0.1725	0.1725	0.1725	0.1725
77	HS	1	0.31	0.1725	0.1725	0.1725	0.1725
78	HS	1	0.31	0.1725	0.1725	0.1725	0.1725
79	HS	1	0.31	0.1725	0.1725	0.1725	0.1725
80	HS	1	0.31	0.1725	0.1725	0.1725	0.1725
81	HS	1	0.31	0.1725	0.1725	0.1725	0.1725
82	HS	1	0.31	0.1725	0.1725	0.1725	0.1725
83	HS	1	0.31	0.1725	0.1725	0.1725	0.1725
84	HS	1	0.31	0.1725	0.1725	0.1725	0.1725
85	HS	1	0.31	0.1725	0.1725	0.1725	0.1725
86	HS	1	0.31	0.1725	0.1725	0.1725	0.1725
87	HS	1	0.31	0.1725	0.1725	0.1725	0.1725
88	HS	1	0.31	0.1725	0.1725	0.1725	0.1725
89	HS	1	0.31	0.1725	0.1725	0.1725	0.1725
90	HS	1	0.31	0.1725	0.1725	0.1725	0.1725
91	HS	1	0.31	0.1725	0.1725	0.1725	0.1725
92	HS	1	0.31	0.1725	0.1725	0.1725	0.1725
93	HS	1	0.31	0.1725	0.1725	0.1725	0.1725
94	HS	1	0.31	0.1725	0.1725	0.1725	0.1725
95	HS	1	0.31	0.1725	0.1725	0.1725	0.1725
96	HS	1	0.31	0.1725	0.1725	0.1725	0.1725
97	HS	1	0.31	0.1725	0.1725	0.1725	0.1725
98	HS	1	0.31	0.1725	0.1725	0.1725	0.1725
99	HS	1	0.31	0.1725	0.1725	0.1725	0.1725
100	HS	1	0.31	0.1725	0.1725	0.1725	0.1725
101	HS	1	0.31	0.1725	0.1725	0.1725	0.1725
102	HS	1	0.31	0.1725	0.1725	0.1725	0.1725
103	HS	1	0.31	0.1725	0.1725	0.1725	0.1725
104	HS	1	0.31	0.1725	0.1725	0.1725	0.1725
105	HS	1	0.31	0.1725	0.1725	0.1725	0.1725
106	HS	1	0.31	0.1725	0.1725	0.1725	0.1725
107	HS	1	0.31	0.1725	0.1725	0.1725	0.1725
108	HS	1	0.31	0.1725	0.1725	0.1725	0.1725
109	HS	1	0.31	0.1725	0.1725	0.1725	0.1725
110	HS	1	0.31	0.1725	0.1725	0.1725	0.1725
111	HS	1	0.31	0.1725	0.1725	0.1725	0.1725
112	HS	1	0.31	0.1725	0.1725	0.1725	0.1725
113	HS	1	0.31	0.1725	0.1725	0.1725	0.1725
114	HS	1	0.31	0.1725	0.1725	0.1725	0.1725
115	HS	1	0.31	0.1725	0.1725	0.1725	0.1725
116	HS	1	0.31	0.1725	0.1725	0.1725	0.1725
117	HS	1	0.31	0.1725	0.1725	0.1725	0.1725
118	HS	1	0.31	0.1725	0.1725	0.1725	0.1725
119	HS	1	0.31	0.1725	0.1725	0.1725	0.1725
120	HS	1	0.31	0.1725	0.1725	0.1725	0.1725
121	HS	1	0.31	0.1725	0.1725	0.1725	0.1725
122	HS	1	0.31	0.1725	0.1725	0.1725	0.1725
123	HS	1	0.31	0.1725	0.1725	0.1725	0.1725
124	HS	1	0.31	0.1725	0.1725	0.1725	0.1725
125	HS	1	0.31	0.1725	0.1725	0.1725	0.1725
126	HS	1	0.31	0.1725	0.1725	0.1725	0.1725
127	HS	1	0.31	0.1725	0.1725	0.1725	0.1725
128	HS	1	0.31	0.1725	0.1725	0.1725	0.1725
129	HS	1	0.31	0.1725	0.1725	0.1725	0.1725
130	HS	1	0.31	0.1725	0.1725	0.1725	0.1725
131	HS	1	0.31	0.1725	0.1725	0.1725	0.1725
132	HS	1	0.31	0.1725	0.1725	0.1725	0.1725
133	HS	1	0.31	0.1725	0.1725	0.1725	0.1725
134	HS	1	0.31	0.1725	0.1725	0.1725	0.1725
135	HS	1	0.31	0.1725	0.1725	0.1725	0.1725
136	HS	1	0.31	0.1725	0.1725	0.1725	0.1725
137	HS	1	0.31	0.1725	0.1725	0.1725	0.1725
138	HS	1	0.31	0.1725	0.1725	0.1725	0.1725
139	HS	1	0.31	0.1725	0.1725	0.1725	0.1725
140	HS	1	0.31	0.1725	0.1725	0.1725	0.1725
141	HS	1	0.31	0.1725	0.1725	0.1725	0.1725
142	HS	1	0.31	0.1725	0.1725	0.1725	0.1725
143	HS	1	0.31	0.1725	0.1725	0.1725	0.1725
144	HS	1	0.31	0.1725	0.1725	0.1725	0.1725
145	HS	1	0.31	0.1725	0.1725	0.1725	0.1725
146	HS	1	0.31	0.1725	0.1725	0.1725	0.1725
147	HS	1	0.31	0.1725	0.1725	0.1725	0.1725
148	HS	1	0.31	0.1725	0.1725	0.1725	0.1725
149	HS	1	0.31	0.1725	0.1725	0.1725	0.1725
150	HS	1	0.31	0.1725	0.1725	0.1725	0.1725
151	HS	1	0.31	0.1725	0.1725	0.1725	0.1725
152	HS	1	0.31	0.1725	0.1725	0.1725	0.1725
153	HS	1	0.31	0.1725	0.1725	0.1725	0.1725
154	HS	1	0.31	0.1725	0.1725	0.1725	0.1725
155	HS	1	0.31	0.1725	0.1725	0.1725	0.1725
156	HS	1	0.31	0.1725	0.1725	0.1725	0.1725
157	HS	1	0.31	0.1725	0.1725	0.1725	0.1725
158	HS	1	0.31	0.1725	0.1725	0.1725	0.1725
159	HS	1	0.31	0.1725	0.1725	0.1725	0.1725
160	HS	1	0.31	0.1725	0.1725	0.1725	0.1725
161	HS	1	0.31	0.1725	0.1725	0.1725	0.1725
162	HS	1	0.31	0.1725	0.1725	0.1725	0.1725
163	HS	1	0.31	0.1725	0.1725	0.1725	0.1725
164	HS	1	0.31	0.1725	0.1725	0.1725	0.1725
165	HS	1	0.31	0.1725	0.1725	0.1725	0.1725
166	HS	1	0.31	0.1725	0.1725	0.1725	0.1725
167	HS	1	0.31	0.1725	0.1725	0.1725	0.1725
168	HS	1	0.31	0.1725	0.1725	0.1725	0.1725
169	HS	1	0.31	0.1725	0.1725	0.1725	0.1725
170	HS	1	0.31	0.1725	0.1725	0.1725	0.1725
171	HS	1	0.31	0.1725	0.1725	0.1725	0.1725
172	HS	1	0.31	0.1725	0.1725	0.1725	0.1725
173	HS	1	0.31	0.1725	0.1725	0.1725	0.1725
174	HS	1	0.31	0.1725	0.1725	0.1725	0.1725
175	HS	1	0.31	0.1725	0.1725	0.1725	0.1725
176	HS	1	0.31	0.1725	0.1725	0.1725	0.1725
177	HS	1	0.31	0.1725	0.1725	0.1725	0.1725
178	HS	1	0.31	0.1725	0.1725	0.1725	0.1725
179	HS	1	0.31	0.1725	0.1725	0.1725	0.1725
180	HS	1	0.31	0.1725	0.1725	0.1725	0.1725
181	HS	1	0.31	0.1725	0.1725	0.1725	0.1725
182	HS	1	0.31	0.1725	0.1725	0.1725	0.1725
183	HS	1	0.31	0.1725	0.1725	0.1725	0.1725
184	HS	1	0.31	0.1725	0.1725	0.1725	0.1725
185	HS	1	0.31	0.1725	0.1725	0.1725	0.1725
186	HS	1	0.31	0.1725	0.1725	0.1725	0.1725
187	HS	1	0.31	0.1725	0.1725	0.1725	0.1725
188	HS	1	0.31	0.1725	0.1725	0.1725	0.1725
189	HS	1	0.31	0.1725	0.1725	0.1725	0.1725
190	HS	1	0.31	0.1725	0.1725	0.1725	0.1725
191	HS	1	0.31	0.1725	0.1725	0.1725	0.1725
192	HS	1	0.31	0.1725	0.1725	0.1725	0.1725
193	HS	1	0.31	0.1725	0.1725	0.1725	0.1725
194	HS	1	0.31	0.1725	0.1725	0.1725	0.1725
195	HS	1	0.31	0.1725	0.1725	0.1725	0.1725
196	HS	1	0.31	0.1725	0.1725	0.1725	0.1725
197	HS	1	0.31	0.1725	0.1725	0.1725	0.1725
198	HS	1	0.31	0.1725	0.1725	0.1725	0.1725
199	HS	1	0.31	0.1725	0.1725	0.1725	0.1725
200	HS	1	0.31	0.1725	0.1725	0.1725	0.1725
201	HS	1	0.31	0.1725	0.1725	0.1725	0.1725
202	HS	1	0.31	0.1725	0.1725	0.1725	0.1725
203	HS	1	0.31	0.1725	0.1725	0.1725	0.1725
204	HS	1	0.31	0.1725	0.1725	0.1725	0.1725
205	HS	1	0.31	0.1725	0.1725	0.1725	0.1725
206	HS	1	0.31	0.1725	0.1725	0.1725	0.1725
207	HS	1	0.31	0.1725	0.1725	0.1725	0.1725
208	HS	1	0.31	0.1725	0.1725	0.1725	0.1725
209	HS	1	0.31	0.1725	0.1725	0.1725	0.1725
210	HS	1	0.31	0.1725	0.1725	0.1725	0.1725
211	HS	1	0.31	0.1725	0.1725	0.1725	0.1725
212	HS	1	0.31	0.1725	0.1725	0.1725	0.1725
213	HS	1	0.31	0.1725	0.1725	0.1725	0.1725
214	HS	1	0.31	0.1725	0.1725	0.1725	0.1725
215	HS	1	0.31	0.1725	0.1725	0.1725	0.1725
216	HS	1	0.31	0.1725	0.1725	0.1725	0.1725
217	HS	1	0.31	0.1725	0.1725	0.1725	0.1725
218	HS	1	0.31	0.1725	0.1725	0.1725	0.1725
219	HS	1	0.31	0.1725	0.1725	0.1725	0.1725
220	HS	1	0.31	0.1725	0.1725	0.1725	0.1725
221	HS	1	0.31	0.1725	0.1725	0.1725	0.1725
222	HS	1	0.31	0.1725	0.1725	0.1725	0.1725
223	HS	1	0.31	0.1725	0.1725	0.1725	0.1725
224	HS	1	0.31	0.1725	0.1725	0.1725	0.1725
225	HS	1	0.31	0.1725	0.1725	0.1725	0.1725
226	HS	1	0.31	0.1725	0.1725	0.1725	0.1725
227	HS	1	0.31	0.1725	0.1725	0.1725	0.1725
228	HS	1	0.31	0.1725	0.1725	0.1725	0.1725
229	HS	1	0.31	0.1725	0.1725	0.1725	0.1725
230	HS	1	0.31	0.1725	0.1725	0.1725	0.1725
231	HS	1	0.31	0.1725	0.1725	0.1725	0.1725
232	HS	1	0.31	0.1725	0.1725	0.1725	0.1725
233	HS	1	0.31	0.1725	0.1725	0.1725	0.1725
234	HS	1	0.31	0.1725	0.1725	0.1725	0.1725
235	HS	1	0.31	0.1725	0.1725	0.1725	0.1725
236	HS	1	0.31	0.1725	0.1725	0.1725	0.1725
237	HS	1	0.31	0.1725	0.1725	0.1725	0.1725
238	HS	1	0.31	0.1725	0.1725	0.1725	0.1725
239	HS	1	0.31	0.1725	0.1725	0.1725	0.1725
240	HS	1	0.31	0.1725	0.1725	0.1725	0.1725
241	HS	1	0.31	0.1725	0.1725	0.1725	0.1725
242	HS	1	0.31	0.1725	0.1725	0.1725	0.1725
243	HS	1	0.31	0.1725	0.1725	0.1725	0.1725
244	HS	1	0.31	0.1725	0.1725	0.1725	0.1725
245	HS	1	0.31	0.1725	0.1725	0.1725	0.1725
246	HS	1	0.31	0.1725	0.1725	0.1725	0.1725
247	HS	1	0.31	0.1725	0.1725	0.1725	0.1725
248	HS	1	0.31	0.1725	0.1725	0.1725	0.1725
249	HS	1	0.31	0.1725	0.1725	0.1725	0.1725
250	HS	1	0.31	0.1725	0.1725	0.1725	0.1725
251	HS	1	0.31	0.1725	0.1725	0.1725	0.1725
252	HS	1	0.31	0.1725	0.1725	0.1725	0.1725
253	HS	1	0.31	0.1725	0.1725	0.1725	0.1725
254	HS	1	0.31	0.1725	0.1725	0.1725	0.1725
255	HS	1	0.31	0.1725	0.1725	0.1725	0.1725
256	HS	1	0.31	0.1725	0.1725	0.1725	0.1725
257	HS	1	0.31	0.1725	0.1725	0.1725	0.1725
258	HS	1	0.31	0.1725	0.1725	0.1725	0.1725
259	HS	1	0.31	0.1725	0.1725	0.1725	0.1725
260	HS	1	0.31	0.1725	0.1725	0.1725	0.1725
261	HS	1	0.31	0.1725	0.1725	0.1725	0.1725
262	HS	1	0.31	0.1725	0.1725	0.1725	0.1725
263	HS	1	0.31	0.1725	0.1725	0.1725	0.1725
264	HS	1	0.31	0.1725	0.1725	0.1725	0.1725
265	HS	1	0.31	0.1725	0.1725	0.1725	0.1725
266	HS	1	0.31	0.1725	0.1725	0.1725	0.1725
267	HS	1	0.31	0.1725	0.1725	0.1725	0.1725
268	HS	1	0.31	0.1725	0.1725	0.1725	0.1725
269	HS	1	0.31	0.1725	0.1725	0.1725	0.1725
270	HS	1	0.31	0.1725	0.1725	0.1725	0.1725
271	HS	1	0.31	0.1725	0.1725	0.1725	0.1725
272	HS	1	0.31	0.1725	0.1725	0.1725	0.1725
273	HS	1	0.31	0.1725	0.1725	0.1725	0.1725
274	HS	1	0.31	0.1725	0.1725	0.1725	0.1725
275	HS	1	0.31	0.1725	0.1725	0.1725	0.1725
276	HS	1	0.31	0.1725	0.1725	0.1725	0.1725
277	HS	1	0.31	0.1725	0.1725	0.1725	0.1725
278	HS	1	0.31	0.1725	0.1725	0.1725	0.1725
279	HS	1	0.31	0.1725	0.1725	0.1725	0.1725
280	HS	1	0.31	0.1725	0.1725	0.1725	0.1725
281	HS	1	0.31	0.1725	0.1725	0.1725	0.1725
282	HS	1	0.31	0.1725	0.1725	0.1725	0.1725
283	HS	1	0.31	0.1725	0.1725	0.1725	0.1725
284	HS	1	0.31	0.1725	0.1725	0.1725	0.1725
285	HS	1	0.31	0.1725	0.1725	0.1725	0.1725
286	HS	1	0.31	0.1725	0.1725	0.1725	0.1725
287	HS	1	0.31	0.1725	0.1725	0.1725	0.1725
288	HS	1	0.31	0.1725	0.1725	0.1725	0.1725
289	HS	1	0.31	0.1725	0.1725	0.1725	0.1725
290	HS	1	0.31	0.1725	0.1725	0.1725	0.1725
291	HS	1	0.31	0.1725	0.1725	0.1725	0.1725
292	HS	1	0.31	0.1725	0.1725	0.1725	0.1725
293	HS	1	0.31	0.1725	0.1725	0.1725	0.1725
294	HS	1	0.31	0.1725	0.1725	0.1725	0.1725
295	HS	1	0.31	0.1725	0.1725	0.1725	0.1725
296	HS	1	0.31	0.1725	0.1725	0.1725	0.1725
297	HS	1	0.31	0.1725	0.1725	0.1725	0.1725
298	HS	1	0.31	0.1725	0.1725	0.1725	0.1725
299	HS	1	0.31	0.1725	0.1725	0.1725	0.1725
300	HS	1	0.31	0.1725	0.1725	0.1725	0.1725
301	HS	1	0.31	0.1725	0.1725	0.1725	0.1725
302	HS	1	0.31	0.1725	0.1725	0.1725	0.1725
303	HS	1	0.31	0.1725	0.1725	0.1725	0.1725
304	HS	1	0.31	0.1725	0.1725	0.1725	0.1725
305	HS	1	0.31	0.1725	0.1725	0.1725	0.1725
306	HS	1	0.31	0.1725	0.1725	0.1725	0.1725
307	HS	1	0.31	0.1725	0.1725	0.1725	0.1725
308	HS	1	0.31	0.1725	0.1725	0.1725	0.1725
309	HS	1	0.31	0.1725	0.1725	0.1725	0.1725
310	HS	1	0.31	0.1725	0.1725	0.1725	0.1725
311	HS	1	0.31	0.1725	0.1725	0.1725	0.1725
312	HS	1	0.31	0.1725	0.1725	0.1725	0.1725
313	HS	1	0.31	0.1725	0.1725	0.1725	0.1725
314	HS	1	0.31	0.1725	0.1725	0.1725	0.1725
315	HS	1	0.31	0.1725	0.1725	0.1725	0.1725
316	HS	1	0.31	0.1725	0.1725	0.1725	0.1725
317	HS	1	0.31	0.1725	0.1725	0.1725	0.1725
318	HS	1	0.31	0.1725	0.1725	0.1725	0.1725
319	HS	1	0.31	0.1725	0.1725	0.1725	0.1725
320	HS	1	0.31	0.1725	0.1725	0.1725	0.1725
321	HS	1	0.31	0.1725	0.1725	0.1725	0.1725
322	HS	1	0.31	0.1725	0.1725	0.1725	0.1725
323	HS	1	0.31	0.1725	0.1725	0.1725	0.1725
324	HS	1	0.31	0.1725	0.1725	0.1725	0.1725
325	HS	1	0.31	0.1725	0.1725	0.1725	0.1725
326	HS	1	0.31	0.1725	0.1725	0.1725	0.1725
327	HS	1	0.31	0.1725	0.1725	0.1725	0.1725
328	HS	1	0.31	0.1725	0.1725	0.1725	0.1725
329	HS	1	0.31	0.1725	0.1725	0.1725	0.1725
330	HS	1	0.31	0.1725	0.1725	0.1725	0.1725
331	HS	1	0.31	0.1725	0.1725	0.1725	0.1725
332	HS	1	0.31	0.1725	0.1725	0.1725	0.1725
333	HS	1	0.31	0.1725	0.1725	0.1725	0.1725
334	HS	1	0.31	0.1725	0.1725	0.1725	0.1725
335	HS	1	0.31	0.1725	0.1725	0.1725	0.1725
336	HS	1	0.31	0.1725	0.1725	0.1725	0.1725
337	HS	1	0.31	0.1725	0.1725	0.1725	0.1725
338	HS	1	0.31	0.1725	0.1725	0.1725	0.1725
339	HS	1	0.31	0.1725	0.1725	0.1725	0.1725
340	HS	1	0.31	0.1725	0.1725	0.1725	0.1725
341	HS	1	0.31	0.1725	0.1725	0.1725	0.1725
342	HS	1	0.31	0.1725	0.1725	0.1725	0.1725
343	HS	1	0.31	0.1725	0.1725	0.1725	0.1725
344	HS	1	0.31	0.1725	0.1725	0.1725	0.1725
345	HS	1	0.31	0.1725	0.1725	0.1725	0.1725
346	HS	1	0.31	0.1725	0.1725	0.1725	0.1725
347	HS	1	0.31	0.1725	0.1725	0.1725	0.1725
348	HS	1	0.31	0.1725	0.1725	0.1725	0.1725
349	HS	1	0.31	0.1725	0.1725	0.1725	0.1725
350	HS	1	0.31	0.1725	0.1725	0.1725	0.1725
351	HS	1	0.31	0.1725	0.1725	0.1725	0.1725
352	HS	1	0.31	0.1725	0.1725	0.1725	0.1725
353	HS	1	0.31	0.1725	0.1725	0.1725	0.1725
354	HS	1	0.31	0.1725	0.1725	0.1725	0.1725
355	HS	1	0.31	0.1725	0.1725	0.1725	0.1725
356	HS	1	0.31	0.1725	0.1725	0.1725	0.1725
357	HS	1	0.31	0.1725	0.1725	0.1725	0.1725
358	HS	1	0.31	0.1725	0.1725	0.1725	0.1725
359	HS	1	0.31	0.1725	0.1725	0.1725	0.1725
360	HS	1	0.31	0.1725	0.1725	0.1725	0.1725
361	HS	1	0.31	0.1725	0.1725	0.1725	0.1725
362	HS	1	0.31	0.1725	0.1725	0.1725	0.1725
363	HS	1	0.31	0.1725	0.1725	0.1725	0.1725
364	HS	1	0.31	0.1725	0.1725	0.1725	0.1725
365	HS	1	0.31	0.1725	0.1725	0.1725	0.1725
1	SSL	2	0.31	0.1725	0.1725	0.1725	0.1725
2	SSL	2	0.31	0.1725	0.1725	0.1725	0.1725
3	SSL	2	0.31	0.1725	0.1725	0.1725	0.1725
4	SSL	2	0.31	0.1725	0.1725	0.1725	0.1725
5	SSL	2	0.31	0.1725	0.1725	0.1725	0.1725
6	SSL	2	0.31	0.1725	0.1725	0.1725	0.1725
7	SSL	2	0.31	0.1725	0.1725	0.1725	0.1725
8	SSL	2	0.31	0.1725	0.1725	0.1725	0.1725
9	SSL	2	0.31	0.1725	0.1725	0.1725	0.1725
10	SSL	2	0.31	0.1725	0.1725	0.1725	0.1725
11	SSL	2	0.31	0.1725	0.1725	0.1725	0.1725
12	SSL	2	0.31	0.1725	0.1725	0.1725	0.1725
13	SSL	2	0.31	0.1725	0.1725	0.1725	0.1725
14	SSL	2	0.31	0.1725	0.1725	0.1725	0.1725
15	SSL	2	0.31	0.1725	0.1725	0.1725	0.1725
16	SSL	2	0.31	0.1725	0.1725	0.1725	0.1725
17	SSL	2	0.31	0.1725	0.1725	0.1725	0.1725
18	SSL	2	0.31	0.1725	0.1725	0.1725	0.1725
19	SSL	2	0.31	0.1725	0.1725	0.1725	0.1725
20	SSL	2	0.31	0.1725	0.1725	0.1725	0.1725
21	SSL	2	0.31	0.1725	0.1725	0.1725	0.1725
22	SSL	2	0.31	0.1725	0.1725	0.1725	0.1725
23	SSL	2	0.31	0.1725	0.1725	0.1725	0.1725
24	SSL	2	0.31	0.1725	0.1725	0.1725	0.1725
25	SSL	2	0.31	0.1725	0.1725	0.1725	0.1725
26	SSL	2	0.31	0.1725	0.1725	0.1725	0.1725
27	SSL	2	0.31	0.1725	0.1725	0.1725	0.1725
28	SSL	2	0.31	0.1725	0.1725	0.1725	0.1725
29	SSL	2	0.31	0.1725	0.1725	0.1725	0.1725
30	SSL	2	0.31	0.1725	0.1725	0.1725	0.1725
31	SSL	2	0.31	0.1725	0.1725	0.1725	0.1725
32	SSL	2	0.31	0.1725	0.1725	0.1725	0.1725
33	SSL	2	0.31	0.1725	0.1725	0.1725	0.1725
34	SSL	2	0.31	0.1725	0.1725	0.1725	0.1725
35	SSL	2	0.31	0.1725	0.1725	0.1725	0.1725
36	SSL	2	0.31	0.1725	0.1725	0.1725	0.1725
37	SSL	2	0.31	0.1725	0.1725	0.1725	0.1725
38	SSL	2	0.31	0.1725	0.1725	0.1725	0.1725
39	SSL	2	0.31	0.1725	0.1725	0.1725	0.1725
40	SSL	2	0.31	0.1725	0.1725	0.1725	0.1725
41	SSL	2	0.31	0.1725	0.1725	0.1725	0.1725
42	SSL	2	0.31	0.1725	0.1725	0.1725	0.1725
43	SSL	2	0.31	0.1725	0.1725	0.1725	0.1725
44	SSL	2	0.31	0.1725	0.1725	0.1725	0.1725
45	SSL	2	0.31	0.1725	0.1725	0.1725	0.1725
46	SSL	2	0.31	0.1725	0.1725	0.1725	0.1725
47	SSL	2	0.31	0.1725	0.1725	0.1725	0.1725
48	SSL	2	0.31	0.1725	0.1725	0.1725	0.1725
49	SSL	2	0.31	0.1725	0.1725	0.1725	0.1725
50	SSL	2	0.31	0.1725	0.1725	0.1725	0.1725
51	SSL	2	0.31	0.1725	0.1725	0.1725	0.1725
52	SSL	2	0.31	0.1725	0.1725	0.1725	0.1725
53	SSL	2	0.31	0.1725	0.1725	0.1725	0.1725
54	SSL	2	0.31	0.1725	0.1725	0.1725	0.1725
55	SSL	2	0.31	0.1725	0.1725	0.1725	0.1725
56	SSL	2	0.31	0.1725	0.1725	0.1725	0.1725
57	SSL	2	0.31	0.1725	0.1725	0.1725	0.1725
58	SSL	2	0.31	0.1725	0.1725	0.1725	0.1725
59	SSL	2	0.31	0.1725	0.1725	0.1725	0.1725
60	SSL	2	0.31	0.1725	0.1725	0.1725	0.1725
61	SSL	2	0.31	0.1725	0.1725	0.1725	0.1725
62	SSL	2	0.31	0.1725	0.1725	0.1725	0.1725
63	SSL	2	0.31	0.1725	0.1725	0.1725	0.1725
64	SSL	2	0.31	0.1725	0.1725	0.1725	0.1725
65	SSL	2	0.31	0.1725	0.1725	0.1725	0.1725
66	SSL	2	0.31	0.1725	0.1725	0.1725	0.1725
67	SSL	2	0.31	0.1725	0.1725	0.1725	0.1725
68	SSL	2	0.31	0.1725	0.1725	0.1725	0.1725
69	SSL	2	0.31	0.1725	0.1725	0.1725	0.1725
70	SSL	2	0.31	0.1725	0.1725	0.1725	0.1725
71	SSL	2	0.31	0.1725	0.1725	0.1725	0.1725
72	SSL	2	0.31	0.1725	0.1725	0.1725	0.1725
73	SSL	2	0.31	0.1725	0.1725	0.1725	0.1725
74	SSL	2	0.31	0.1725	0.1725	0.1725	0.1725
75	SSL	2	0.31	0.1725	0.1725	0.1725	0.1725
76	SSL	2	0.31	0.1725	0.1725	0.1725	0.1725
77	SSL	2	0.31	0.1725	0.1725	0.1725	0.1725
78	SSL	2	0.31	0.1725	0.1725	0.1725	0.1725
79	SSL	2	0.31	0.1725	0.1725	0.1725	0.1725
80	SSL	2	0.31	0.1725	0.1725	0.1725	0.1725
81	SSL	2	0.31	0.1725	0.1725	0.1725	0.1725
82	SSL	2	0.31	0.1725	0.1725	0.1725	0.1725
83	SSL	2	0.31	0.1725	0.1725	0.1725	0.1725
84	SSL	2	0.31	0.1725	0.1725	0.1725	0.1725
85	SSL	2	0.31	0.1725	0.1725	0.1725	0.1725
86	SSL	2	0.31	0.1725	0.1725	0.1725	0.1725
87	SSL	2	0.31	0.1725	0.1725	0.1725	0.1725
88	SSL	2	0.31	0.1725	0.1725	0.1725	0.1725
89	SSL	2	0.31	0.1725	0.1725	0.1725	0.1725
90	SSL	2	0.31	0.1725	0.1725	0.1725	0.1725
91	SSL	2	0.31	0.1725	0.1725	0.1725	0.1725
92	SSL	2	0.31	0.1725	0.1725	0.1725	0.1725
93	SSL	2	0.31	0.1725	0.1725	0.1725	0.1725
94	SSL	2	0.31	0.1725	0.1725	0.1725	0.1725
95	SSL	2	0.31	0.1725	0.1725	0.1725	0.1725
96	SSL	2	0.31	0.1725	0.1725	0.1725	0.1725
97	SSL	2	0.31	0.1725	0.1725	0.1725	0.1725
98	SSL	2	0.31	0.1725	0.1725	0.1725	0.1725
99	SSL	2	0.31	0.1725	0.1725	0.1725	0.1725
100	SSL	2	0.31	0.1725	0.1725	0.1725	0.1725
101	SSL	2	0.31	0.1725	0.1725	0.1725	0.1725
102	SSL	2	0.31	0.1725	0.1725	0.1725	0.1725
103	SSL	2	0.31	0.1725	0.1725	0.1725	0.1725
104	SSL	2	0.31	0.1725	0.1725	0.1725	0.1725
105	SSL	2	0.31	0.1725	0.1725	0.1725	0.1725
106	SSL	2	0.31	0.1725	0.1725	0.1725	0.1725
107	SSL	2	0.31	0.1725	0.1725	0.1725	0.1725
108	SSL	2	0.31	0.1725	0.1725	0.1725	0.1725
109	SSL	2	0.31	0.1725	0.1725	0.1725	0.1725
110	SSL	2	0.31	0.1725	0.1725	0.1725	0.1725
111	SSL	2	0.31	0.1725	0.1725	0.1725	0.1725
112	SSL	2	0.31	0.1725	0.1725	0.1725	0.1725
113	SSL	2	0.31	0.1725	0.1725	0.1725	0.1725
114	SSL	2	0.31	0.1725	0.1725	0.1725	0.1725
115	SSL	2	0.31	0.1725	0.1725	0.1725	0.1725
116	SSL	2	0.31	0.1725	0.1725	0.1725	0.1725
117	SSL	2	0.31	0.1725	0.1725	0.1725	0.1725
118	SSL	2	0.31	0.1725	0.1725	0.1725	0.1725
119	SSL	2	0.31	0.1725	0.1725	0.1725	0.1725
120	SSL	2	0.31	0.1725	0.1725	0.1725	0.1725
121	SSL	2	0.31	0.1725	0.1725	0.1725	0.1725
122	SSL	2	0.31	0.1725	0.1725	0.1725	0.1725
123	SSL	2	0.31	0.1725	0.1725	0.1725	0.1725
124	SSL	2	0.31	0.1725	0.1725	0.1725	0.1725
125	SSL	2	0.31	0.1725	0.1725	0.1725	0.1725
126	SSL	2	0.31	0.1725	0.1725	0.1725	0.1725
127	SSL	2	0.31	0.1725	0.1725	0.1725	0.1725
128	SSL	2	0.31	0.1725	0.1725	0.1725	0.1725
129	SSL	2	0.31	0.1725	0.1725	0.1725	0.1725
130	SSL	2	0.31	0.1725	0.1725	0.1725	0.1725
131	SSL	2	0.31	0.1725	0.1725	0.1725	0.1725
132	SSL	2	0.31	0.1725	0.1725	0.1725	0.1725
133	SSL	2	0.31	0.1725	0.1725	0.1725	0.1725
134	SSL	2	0.31	0.1725	0.1725	0.1725	0.1725
135	SSL	2	0.31	0.1725	0.1725	0.1725	0.1725
136	SSL	2	0.31	0.1725	0.1725	0.1725	0.1725
137	SSL	2	0.31	0.1725	0.1725	0.1725	0.1725
138	SSL	2	0.31	0.1725	0.1725	0.1725	0.1725
139	SSL	2	0.31	0.1725	0.1725	0.1725	0.1725
140	SSL	2	0.31	0.1725	0.1725	0.1725	0.1725
141	SSL	2	0.31	0.1725	0.1725	0.1725	0.1725
142	SSL	2	0.31	0.1725	0.1725	0.1725	0.1725
143	SSL	2	0.31	0.1725	0.1725	0.1725	0.1725
144	SSL	2	0.31	0.1725	0.1725	0.1725	0.1725
145	SSL	2	0.31	0.1725	0.1725	0.1725	0.1725
146	SSL	2	0.31	0.1725	0.1725	0.1725	0.1725
147	SSL	2	0.31	0.1725	0.1725	0.1725	0.1725
148	SSL	2	0.31	0.1725	0.1725	0.1725	0.1725
149	SSL	2	0.31	0.1725	0.1725	0.1725	0.1725
150	SSL	2	0.31	0.1725	0.1725	0.1725	0.1725
151	SSL	2	0.31	0.1725	0.1725	0.1725	0.1725
152	SSL	2	0.31	0.1725	0.1725	0.1725	0.1725
153	SSL	2	0.31	0.1725	0.1725	0.1725	0.1725
154	SSL	2	0.31	0.1725	0.1725	0.1725	0.1725
155	SSL	2	0.31	0.1725	0.1725	0.1725	0.1725
156	SSL	2	0.31	0.1725	0.1725	0.1725	0.1725
157	SSL	2	0.31	0.1725	0.1725	0.1725	0.1725
158	SSL	2	0.31	0.1725	0.1725	0.1725	0.1725
159	SSL	2	0.31	0.1725	0.1725	0.1725	0.1725
160	SSL	2	0.31	0.1725	0.1725	0.1725	0.1725
161	SSL	2	0.31	0.1725	0.1725	0.1725	0.1725
162	SSL	2	0.31	0.1725	0.1725	0.1725	0.1725
163	SSL	2	0.31	0.1725	0.1725	0.1725	0.1725
164	SSL	2	0.31	0.1725	0.1725	0.1725	0.1725
165	SSL	2	0.31	0.1725	0.1725	0.1725	0.1725
166	SSL	2	0.31	0.1725	0.1725	0.1725	0.1725
167	SSL	2	0.31	0.1725	0.1725	0.1725	0.1725
168	SSL	2	0.31	0.1725	0.1725	0.1725	0.1725
169	SSL	2	0.31	0.1725	0.1725	0.1725	0.1725
170	SSL	2	0.31	0.1725	0.1725	0.1725	0.1725
171	SSL	2	0.31	0.1725	0.1725	0.1725	0.1725
172	SSL	2	0.31	0.1725	0.1725	0.1725	0.1725
173	SSL	2	0.31	0.1725	0.1725	0.1725	0.1725
174	SSL	2	0.31	0.1725	0.1725	0.1725	0.1725
175	SSL	2	0.31	0.1725	0.1725	0.1725	0.1725
176	SSL	2	0.31	0.1725	0.1725	0.1725	0.1725
177	SSL	2	0.31	0.1725	0.1725	0.1725	0.1725
178	SSL	2	0.31	0.1725	0.1725	0.1725	0.1725
179	SSL	2	0.31	0.1725	0.1725	0.1725	0.1725
180	SSL	2	0.31	0.1725	0.1725	0.1725	0.1725
181	SSL	2	0.31	0.1725	0.1725	0.1725	0.1725
182	SSL	2	0.31	0.1725	0.1725	0.1725	0.1725
183	SSL	2	0.31	0.1725	0.1725	0.1725	0.1725
184	SSL	2	0.31	0.1725	0.1725	0.1725	0.1725
185	SSL	2	0.31	0.1725	0.1725	0.1725	0.1725
186	SSL	2	0.31	0.1725	0.1725	0.1725	0.1725
187	SSL	2	0.31	0.1725	0.1725	0.1725	0.1725
188	SSL	2	0.31	0.1725	0.1725	0.1725	0.1725
189	SSL	2	0.31	0.1725	0.1725	0.1725	0.1725
190	SSL	2	0.31	0.1725	0.1725	0.1725	0.1725
191	SSL	2	0.31	0.1725	0.1725	0.1725	0.1725
192	SSL	2	0.31	0.1725	0.1725	0.1725	0.1725
193	SSL	2	0.31	0.1725	0.1725	0.1725	0.1725
194	SSL	2	0.31	0.1725	0.1725	0.1725	0.1725
195	SSL	2	0.31	0.1725	0.1725	0.1725	0.1725
196	SSL	2	0.31	0.1725	0.1725	0.1725	0.1725
197	SSL	2	0.31	0.1725	0.1725	0.1725	0.1725
198	SSL	2	0.31	0.1725	0.1725	0.1725	0.1725
199	SSL	2	0.31	0.1725	0.1725	0.1725	0.1725
200	SSL	2	0.31	0.1725	0.1725	0.1725	0.1725
201	SSL	2	0.31	0.1725	0.1725	0.1725	0.1725
202	SSL	2	0.31	0.1725	0.1725	0.1725	0.1725
203	SSL	2	0.31	0.1725	0.1725	0.1725	0.1725
204	SSL	2	0.31	0.1725	0.1725	0.1725	0.1725
205	SSL	2	0.31	0.1725	0.1725	0.1725	0.1725
206	SSL	2	0.31	0.1725	0.1725	0.1725	0.1725
207	SSL	2	0.31	0.1725	0.1725	0.1725	0.1725
208	SSL	2	0.31	0.1725	0.1725	0.1725	0.1725
209	SSL	2	0.31	0.1725	0.1725	0.1725	0.1725
210	SSL	2	0.31	0.1725	0.1725	0.1725	0.1725
211	SSL	2	0.31	0.1725	0.1725	0.1725	0.1725
212	SSL	2	0.31	0.1725	0.1725	0.1725	0.1725
213	SSL	2	0.31	0.1725	0.1725	0.1725	0.1725
214	SSL	2	0.31	0.1725	0.1725	0.1725	0.1725
215	SSL	2	0.31	0.1725	0.1725	0.1725	0.1725
216	SSL	2	0.31	0.1725	0.1725	0.1725	0.1725
217	SSL	2	0.31	0.1725	0.1725	0.1725	0.1725
218	SSL	2	0.31	0.1725	0.1725	0.1725	0.1725
219	SSL	2	0.31	0.1725	0.1725	0.1725	0.1725
220	SSL	2	0.31	0.1725	0.1725	0.1725	0.1725
221	SSL	2	0.31	0.1725	0.1725	0.1725	0.1725
222	SSL	2	0.31	0.1725	0.1725	0.1725	0.1725
223	SSL	2	0.31	0.1725	0.1725	0.1725	0.1725
224	SSL	2	0.31	0.1725	0.1725	0.1725	0.1725
225	SSL	2	0.31	0.1725	0.1725	0.1725	0.1725
226	SSL	2	0.31	0.1725	0.1725	0.1725	0.1725
227	SSL	2	0.31	0.1725	0.1725	0.1725	0.1725
228	SSL	2	0.31	0.1725	0.1725	0.1725	0.1725
229	SSL	2	0.31	0.1725	0.1725	0.1725	0.1725
230	SSL	2	0.31	0.1725	0.1725	0.1725	0.1725
231	SSL	2	0.31	0.1725	0.1725	0.1725	0.1725
232	SSL	2	0.31	0.1725	0.1725	0.1725	0.1725
233	SSL	2	0.31	0.1725	0.1725	0.1725	0.1725
234	SSL	2	0.31	0.1725	0.1725	0.1725	0.1725
235	SSL	2	0.31	0.1725	0.1725	0.1725	0.1725
236	SSL	2	0.31	0.1725	0.1725	0.1725	0.1725
237	SSL	2	0.31	0.1725	0.1725	0.1725	0.1725
238	SSL	2	0.31	0.1725	0.1725	0.1725	0.1725
239	SSL	2	0.31	0.1725	0.1725	0.1725	0.1725
240	SSL	2	0.31	0.1725	0.1725	0.1725	0.1725
241	SSL	2	0.31	0.1725	0.1725	0.1725	0.1725
242	SSL	2	0.31	0.1725	0.1725	0.1725	0.1725
243	SSL	2	0.31	0.1725	0.1725	0.1725	0.1725
244	SSL	2	0.31	0.1725	0.1725	0.1725	0.1725
245	SSL	2	0.31	0.1725	0.1725	0.1725	0.1725
246	SSL	2	0.31	0.1725	0.1725	0.1725	0.1725
247	SSL	2	0.31	0.1725	0.1725	0.1725	0.1725
248	SSL	2	0.31	0.1725	0.1725	0.1725	0.1725
249	SSL	2	0.31	0.1725	0.1725	0.1725	0.1725
250	SSL	2	0.31	0.1725	0.1725	0.1725	0.1725
251	SSL	2	0.31	0.1725	0.1725	0.1725	0.1725
252	SSL	2	0.31	0.1725	0.1725	0.1725	0.1725
253	SSL	2	0.31	0.1725	0.1725	0.1725	0.1725
254	SSL	2	0.31	0.1725	0.1725	0.1725	0.1725
255	SSL	2	0.31	0.1725	0.1725	0.1725	0.1725
256	SSL	2	0.31	0.1725	0.1725	0.1725	0.1725
257	SSL	2	0.31	0.1725	0.1725	0.1725	0.1725
258	SSL	2	0.31	0.1725	0.1725	0.1725	0.1725
259	SSL	2	0.31	0.1725	0.1725	0.1725	0.1725
260	SSL	2	0.31	0.1725	0.1725	0.1725	0.1725
261	SSL	2	0.31	0.1725	0.1725	0.1725	0.1725
262	SSL	2	0.31	0.1725	0.1725	0.1725	0.1725
263	SSL	2	0.31	0.1725	0.1725	0.1725	0.1725
264	SSL	2	0.31	0.1725	0.1725	0.1725	0.1725
265	SSL	2	0.31	0.1725	0.1725	0.1725	0.1725
266	SSL	2	0.31	0.1725	0.1725	0.1725	0.1725
267	SSL	2	0.31	0.1725	0.1725	0.1725	0.1725
268	SSL	2	0.31	0.1725	0.1725	0.1725	0.1725
269	SSL	2	0.31	0.1725	0.1725	0.1725	0.1725
270	SSL	2	0.31	0.1725	0.1725	0.1725	0.1725
271	SSL	2	0.31	0.1725	0.1725	0.1725	0.1725
272	SSL	2	0.31	0.1725	0.1725	0.1725	0.1725
273	SSL	2	0.31	0.1725	0.1725	0.1725	0.1725
274	SSL	2	0.31	0.1725	0.1725	0.1725	0.1725
275	SSL	2	0.31	0.1725	0.1725	0.1725	0.1725
276	SSL	2	0.31	0.1725	0.1725	0.1725	0.1725
277	SSL	2	0.31	0.1725	0.1725	0.1725	0.1725
278	SSL	2	0.31	0.1725	0.1725	0.1725	0.1725
279	SSL	2	0.31	0.1725	0.1725	0.1725	0.1725
280	SSL	2	0.31	0.1725	0.1725	0.1725	0.1725
281	SSL	2	0.31	0.1725	0.1725	0.1725	0.1725
282	SSL	2	0.31	0.1725	0.1725	0.1725	0.1725
283	SSL	2	0.31	0.1725	0.1725	0.1725	0.1725
284	SSL	2	0.31	0.1725	0.1725	0.1725	0.1725
285	SSL	2	0.31	0.1725	0.1725	0.1725	0.1725
286	SSL	2	0.31	0.1725	0.1725	0.1725	0.1725
287	SSL	2	0.31	0.1725	0.1725	0.1725	0.1725
288	SSL	2	0.31	0.1725	0.1725	0.1725	0.1725
289	SSL	2	0.31	0.1725	0.1725	0.1725	0.1725
290	SSL	2	0.31	0.1725	0.1725	0.1725	0.1725
291	SSL	2	0.31	0.1725	0.1725	0.1725	0.1725
292	SSL	2	0.31	0.1725	0.1725	0.1725	0.1725
293	SSL	2	0.31	0.1725	0.1725	0.1725	0.1725
294	SSL	2	0.31	0.1725	0.1725	0.1725	0.1725
295	SSL	2	0.31	0.1725	0.1725	0.1725	0.1725
296	SSL	2	0.31	0.1725	0.1725	0.1725	0.1725
297	SSL	2	0.31	0.1725	0.1725	0.1725	0.1725
298	SSL	2	0.31	0.1725	0.1725	0.1725	0.1725
299	SSL	2	0.31	0.1725	0.1725	0.1725	0.1725
300	SSL	2	0.31	0.1725	0.1725	0.1725	0.1725
301	SSL	2	0.31	0.1725	0.1725	0.1725	0.1725
302	SSL	2	0.31	0.1725	0.1725	0.1725	0.1725
303	SSL	2	0.31	0.1725	0.1725	0.1725	0.1725
304	SSL	2	0.31	0.1725	0.1725	0.1725	0.1725
305	SSL	2	0.31	0.1725	0.1725	0.1725	0.1725
306	SSL	2	0.31	0.1725	0.1725	0.1725	0.1725
307	SSL	2	0.31	0.1725	0.1725	0.1725	0.1725
308	SSL	2	0.31	0.1725	0.1725	0.1725	0.1725
309	SSL	2	0.31	0.1725	0.1725	0.1725	0.1725
310	SSL	2	0.31	0.1725	0.1725	0.1725	0.1725
311	SSL	2	0.31	0.1725	0.1725	0.1725	0.1725
312	SSL	2	0.31	0.1725	0.1725	0.1725	0.1725
313	SSL	2	0.31	0.1725	0.1725	0.1725	0.1725
314	SSL	2	0.31	0.1725	0.1725	0.1725	0.1725
315	SSL	2	0.31	0.1725	0.1725	0.1725	0.1725
316	SSL	2	0.31	0.1725	0.1725	0.1725	0.1725
317	SSL	2	0.31	0.1725	0.1725	0.1725	0.1725
318	SSL	2	0.31	0.1725	0.1725	0.1725	0.1725
319	SSL	2	0.31	0.1725	0.1725	0.1725	0.1725
320	SSL	2	0.31	0.1725	0.1725	0.1725	0.1725
321	SSL	2	0.31	0.1725	0.1725	0.1725	0.1725
322	SSL	2	0.31	0.1725	0.1725	0.1725	0.1725
323	SSL	2	0.31	0.1725	0.1725	0.1725	0.1725
324	SSL	2	0.31	0.1725	0.1725	0.1725	0.1725
325	SSL	2	0.31	0.1725	0.1725	0.1725	0.1725
326	SSL	2	0.31	0.1725	0.1725	0.1725	0.1725
327	SSL	2	0.31	0.1725	0.1725	0.1725	0.1725
328	SSL	2	0.31	0.1725	0.1725	0.1725	0.1725
329	SSL	2	0.31	0.1725	0.1725	0.1725	0.1725
330	SSL	2	0.31	0.1725	0.1725	0.1725	0.1725
331	SSL	2	0.31	0.1725	0.1725	0.1725	0.1725
332	SSL	2	0.31	0.1725	0.1725	0.1725	0.1725
333	SSL	2	0.31	0.1725	0.1725	0.1725	0.1725
334	SSL	2	0.31	0.1725	0.1725	0.1725	0.1725
335	SSL	2	0.31	0.1725	0.1725	0.1725	0.1725
336	SSL	2	0.31	0.1725	0.1725	0.1725	0.1725
337	SSL	2	0.31	0.1725	0.1725	0.1725	0.1725
338	SSL	2	0.31	0.1725	0.1725	0.1725	0.1725
339	SSL	2	0.31	0.1725	0.1725	0.1725	0.1725
340	SSL	2	0.31	0.1725	0.1725	0.1725	0.1725
341	SSL	2	0.31	0.1725	0.1725	0.1725	0.1725
342	SSL	2	0.31	0.1725	0.1725	0.1725	0.1725
343	SSL	2	0.31	0.1725	0.1725	0.1725	0.1725
344	SSL	2	0.31	0.1725	0.1725	0.1725	0.1725
345	SSL	2	0.31	0.1725	0.1725	0.1725	0.1725
346	SSL	2	0.31	0.1725	0.1725	0.1725	0.1725
347	SSL	2	0.31	0.1725	0.1725	0.1725	0.1725
348	SSL	2	0.31	0.1725	0.1725	0.1725	0.1725
349	SSL	2	0.31	0.1725	0.1725	0.1725	0.1725
350	SSL	2	0.31	0.1725	0.1725	0.1725	0.1725
351	SSL	2	0.31	0.1725	0.1725	0.1725	0.1725
352	SSL	2	0.31	0.1725	0.1725	0.1725	0.1725
353	SSL	2	0.31	0.1725	0.1725	0.1725	0.1725
354	SSL	2	0.31	0.1725	0.1725	0.1725	0.1725
355	SSL	2	0.31	0.1725	0.1725	0.1725	0.1725
356	SSL	2	0.31	0.1725	0.1725	0.1725	0.1725
357	SSL	2	0.31	0.1725	0.1725	0.1725	0.1725
358	SSL	2	0.31	0.1725	0.1725	0.1725	0.1725
359	SSL	2	0.31	0.1725	0.1725	0.1725	0.1725
360	SSL	2	0.31	0.1725	0.1725	0.1725	0.1725
361	SSL	2	0.31	0.1725	0.1725	0.1725	0.1725
362	SSL	2	0.31	0.1725	0.1725	0.1725	0.1725
363	SSL	2	0.31	0.1725	0.1725	0.1725	0.1725
364	SSL	2	0.31	0.1725	0.1725	0.1725	0.1725
365	SSL	2	0.31	0.1725	0.1725	0.1725	0.1725
1	CSL	3	0.16	0.21	0.21	0.21	0.21
2	CSL	3	0.16	0.21	0.21	0.21	0.21
3	CSL	3	0.16	0.21	0.21	0.21	0.21
4	CSL	3	0.16	0.21	0.21	0.21	0.21
5	CSL	3	0.16	0.21	0.21	0.21	0.21
6	CSL	3	0.16	0.21	0.21	0.21	0.21
7	CSL	3	0.16	0.21	0.21	0.21	0.21
8	CSL	3	0.16	0.21	0.21	0.21	0.21
9	CSL	3	0.16	0.21	0.21	0.21	0.21
10	CSL	3	0.16	0.21	0.21	0.21	0.21
11	CSL	3	0.16	0.21	0.21	0.21	0.21
12	CSL	3	0.16	0.21	0.21	0.21	0.21
13	CSL	3	0.16	0.21	0.21	0.21	0.21
14	CSL	3	0.16	0.21	0.21	0.21	0.21
15	CSL	3	0.16	0.21	0.21	0.21	0.21
16	CSL	3	0.16	0.21	0.21	0.21	0.21
17	CSL	3	0.16	0.21	0.21	0.21	0.21
18	CSL	3	0.16	0.21	0.21	0.21	0.21
19	CSL	3	0.16	0.21	0.21	0.21	0.21
20	CSL	3	0.16	0.21	0.21	0.21	0.21
21	CSL	3	0.16	0.21	0.21	0.21	0.21
22	CSL	3	0.16	0.21	0.21	0.21	0.21
23	CSL	3	0.16	0.21	0.21	0.21	0.21
24	CSL	3	0.16	0.21	0.21	0.21	0.21
25	CSL	3	0.16	0.21	0.21	0.21	0.21
26	CSL	3	0.16	0.21	0.21	0.21	0.21
27	CSL	3	0.16	0.21	0.21	0.21	0.21
28	CSL	3	0.16	0.21	0.21	0.21	0.21
29	CSL	3	0.16	0.21	0.21	0.21	0.21
30	CSL	3	0.16	0.21	0.21	0.21	0.21
31	CSL	3	0.16	0.21	0.21	0.21	0.21
32	CSL	3	0.16	0.21	0.21	0.21	0.21
33	CSL	3	0.16	0.21	0.21	0.21	0.21
34	CSL	3	0.16	0.21	0.21	0.21	0.21
35	CSL	3	0.16	0.21	0.21	0.21	0.21
36	CSL	3	0.16	0.21	0.21	0.21	0.21
37	CSL	3	0.16	0.21	0.21	0.21	0.21
38	CSL	3	0.16	0.21	0.21	0.21	0.21
39	CSL	3	0.16	0.21	0.21	0.21	0.21
40	CSL	3	0.16	0.21	0.21	0.21	0.21
41	CSL	3	0.16	0.21	0.21	0.21	0.21
42	CSL	3	0.16	0.21	0.21	0.21	0.21
43	CSL	3	0.16	0.21	0.21	0.21	0.21
44	CSL	3	0.16	0.21	0.21	0.21	0.21
45	CSL	3	0.16	0.21	0.21	0.21	0.21
46	CSL	3	0.16	0.21	0.21	0.21	0.21
47	CSL	3	0.16	0.21	0.21	0.21	0.21
48	CSL	3	0.16	0.21	0.21	0.21	0.21
49	CSL	3	0.16	0.21	0.21	0.21	0.21
50	CSL	3	0.16	0.21	0.21	0.21	0.21
51	CSL	3	0.16	0.21	0.21	0.21	0.21
52	CSL	3	0.16	0.21	0.21	0.21	0.21
53	CSL	3	0.16	0.21	0.21	0.21	0.21
54	CSL	3	0.16	0.21	0.21	0.21	0.21
55	CSL	3	0.16	0.21	0.21	0.21	0.21
56	CSL	3	0.16	0.21	0.21	0.21	0.21
57	CSL	3	0.16	0.21	0.21	0.21	0.21
58	CSL	3	0.16	0.21	0.21	0.21	0.21
59	CSL	3	0.16	0.21	0.21	0.21	0.21
60	CSL	3	0.16	0.21	0.21	0.21	0.21
61	CSL	3	0.16	0.21	0.21	0.21	0.21
62	CSL	3	0.16	0.21	0.21	0.21	0.21
63	CSL	3	0.16	0.21	0.21	0.21	0.21
64	CSL	3	0.16	0.21	0.21	0.21	0.21
65	CSL	3	0.16	0.21	0.21	0.21	0.21
66	CSL	3	0.16	0.21	0.21	0.21	0.21
67	CSL	3	0.16	0.21	0.21	0.21	0.21
68	CSL	3	0.16	0.21	0.21	0.21	0.21
69	CSL	3	0.16	0.21	0.21	0.21	0.21
70	CSL	3	0.16	0.21	0.21	0.21	0.21
71	CSL	3	0.16	0.21	0.21	0.21	0.21
72	CSL	3	0.16	0.21	0.21	0.21	0.21
73	CSL	3	0.16	0.21	0.21	0.21	0.21
74	CSL	3	0.16	0.21	0.21	0.21	0.21
75	CSL	3	0.16	0.21	0.21	0.21	0.21
76	CSL	3	0.16	0.21	0.21	0.21	0.21
77	CSL	3	0.16	0.21	0.21	0.21	0.21
78	CSL	3	0.16	0.21	0.21	0.21	0.21
79	CSL	3	0.16	0.21	0.21	0.21	0.21
80	CSL	3	0.16	0.21	0.21	0.21	0.21
81	CSL	3	0.16	0.21	0.21	0.21	0.21
82	CSL	3	0.16	0.21	0.21	0.21	0.21
83	CSL	3	0.16	0.21	0.21	0.21	0.21
84	CSL	3	0.16	0.21	0.21	0.21	0.21
85	CSL	3	0.16	0.21	0.21	0.21	0.21
86	CSL	3	0.16	0.21	0.21	0.21	0.21
87	CSL	3	0.16	0.21	0.21	0.21	0.21
88	CSL	3	0.16	0.21	0.21	0.21	0.21
89	CSL	3	0.16	0.21	0.21	0.21	0.21
90	CSL	3	0.16	0.21	0.21	0.21	0.21
91	CSL	3	0.16	0.21	0.21	0.21	0.21
92	CSL	3	0.16	0.21	0.21	0.21	0.21
93	CSL	3	0.16	0.21	0.21	0.21	0.21
94	CSL	3	0.16	0.21	0.21	0.21	0.21
95	CSL	3	0.16	0.21	0.21	0.21	0.21
96	CSL	3	0.16	0.21	0.21	0.21	0.21
97	CSL	3	0.16	0.21	0.21	0.21	0.21
98	CSL	3	0.16	0.21	0.21	0.21	0.21
99	CSL	3	0.16	0.21	0.21	0.21	0.21
100	CSL	3	0.16	0.21	0.21	0.21	0.21
101	CSL	3	0.16	0.21	0.21	0.21	0.21
102	CSL	3	0.16	0.21	0.21	0.21	0.21
103	CSL	3	0.16	0.21	0.21	0.21	0.21
104	CSL	3	0.16	0.21	0.21	0.21	0.21
105	CSL	3	0.16	0.21	0.21	0.21	0.21
106	CSL	3	0.16	0.21	0.21	0.21	0.21
107	CSL	3	0.16	0.21	0.21	0.21	0.21
108	CSL	3	0.16	0.21	0.21	0.21	0.21
109	CSL	3	0.16	0.21	0.21	0.21	0.21
110	CSL	3	0.16	0.21	0.21	0.21	0.21
111	CSL	3	0.16	0.21	0.21	0.21	0.21
112	CSL	3	0.16	0.21	0.21	0.21	0.21
113	CSL	3	0.16	0.21	0.21	0.21	0.21
114	CSL	3	0.16	0.21	0.21	0.21	0.21
115	CSL	3	0.16	0.21	0.21	0.21	0.21
116	CSL	3	0.16	0.21	0.21	0.21	0.21
117	CSL	3	0.16	0.21	0.21	0.21	0.21
118	CSL	3	0.16	0.21	0.21	0.21	0.21
119	CSL	3	0.16	0.21	0.21	0.21	0.21
120	CSL	3	0.16	0.21	0.21	0.21	0.21
121	CSL	3	0.16	0.21	0.21	0.21	0.21
122	CSL	3	0.16	0.21	0.21	0.21	0.21
123	CSL	3	0.16	0.21	0.21	0.21	0.21
124	CSL	3	0.16	0.21	0.21	0.21	0.21
125	CSL	3	0.16	0.21	0.21	0.21	0.21
126	CSL	3	0.16	0.21	0.21	0.21	0.21
127	CSL	3	0.16	0.21	0.21	0.21	0.21
128	CSL	3	0.16	0.21	0.21	0.21	0.21
129	CSL	3	0.16	0.21	0.21	0.21	0.21
130	CSL	3	0.16	0.21	0.21	0.21	0.21
131	CSL	3	0.16	0.21	0.21	0.21	0.21
132	CSL	3	0.16	0.21	0.21	0.21	0.21
133	CSL	3	0.16	0.21	0.21	0.21	0.21
134	CSL	3	0.16	0.21	0.21	0.21	0.21
135	CSL	3	0.16	0.21	0.21	0.21	0.21
136	CSL	3	0.16	0.21	0.21	0.21	0.21
137	CSL	3	0.16	0.21	0.21	0.21	0.21
138	CSL	3	0.16	0.21	0.21	0.21	0.21
139	CSL	3	0.16	0.21	0.21	0.21	0.21
140	CSL	3	0.16	0.21	0.21	0.21	0.21
141	CSL	3	0.16	0.21	0.21	0.21	0.21
142	CSL	3	0.16	0.21	0.21	0.21	0.21
143	CSL	3	0.16	0.21	0.21	0.21	0.21
144	CSL	3	0.16	0.21	0.21	0.21	0.21
145	CSL	3	0.16	0.21	0.21	0.21	0.21
146	CSL	3	0.16	0.21	0.21	0.21	0.21
147	CSL	3	0.16	0.21	0.21	0.21	0.21
148	CSL	3	0.16	0.21	0.21	0.21	0.21
149	CSL	3	0.16	0.21	0.21	0.21	0.21
150	CSL	3	0.16	0.21	0.21	0.21	0.21
151	CSL	3	0.16	0.21	0.21	0.21	0.21
152	CSL	3	0.16	0.21	0.21	0.21	0.21
153	CSL	3	0.16	0.21	0.21	0.21	0.21
154	CSL	3	0.16	0.21	0.21	0.21	0.21
155	CSL	3	0.16	0.21	0.21	0.21	0.21
156	CSL	3	0.16	0.21	0.21	0.21	0.21
157	CSL	3	0.16	0.21	0.21	0.21	0.21
158	CSL	3	0.16	0.21	0.21	0.21	0.21
159	CSL	3	0.16	0.21	0.21	0.21	0.21
160	CSL	3	0.16	0.21	0.21	0.21	0.21
161	CSL	3	0.16	0.21	0.21	0.21	0.21
162	CSL	3	0.16	0.21	0.21	0.21	0.21
163	CSL	3	0.16	0.21	0.21	0.21	0.21
164	CSL	3	0.16	0.21	0.21	0.21	0.21
165	CSL	3	0.16	0.21	0.21	0.21	0.21
166	CSL	3	0.16	0.21	0.21	0.21	0.21
167	CSL	3	0.16	0.21	0.21	0.21	0.21
168	CSL	3	0.16	0.21	0.21	0.21	0.21
169	CSL	3	0.16	0.21	0.21	0.21	0.21
170	CSL	3	0.16	0.21	0.21	0.21	0.21
171	CSL	3	0.16	0.21	0.21	0.21	0.21
172	CSL	3	0.16	0.21	0.21	0.21	0.21
173	CSL	3	0.16	0.21	0.21	0.21	0.21
174	CSL	3	0.16	0.21	0.21	0.21	0.21
175	CSL	3	0.16	0.21	0.21	0.21	0.21
176	CSL	3	0.16	0.21	0.21	0.21	0.21
177	CSL	3	0.16	0.21	0.21	0.21	0.21
178	CSL	3	0.16	0.21	0.21	0.21	0.21
179	CSL	3	0.16	0.21	0.21	0.21	0.21
180	CSL	3	0.16	0.21	0.21	0.21	0.21
181	CSL	3	0.16	0.21	0.21	0.21	0.21
182	CSL	3	0.16	0.21	0.21	0.21	0.21
183	CSL	3	0.16	0.21	0.21	0.21	0.21
184	CSL	3	0.16	0.21	0.21	0.21	0.21
185	CSL	3	0.16	0.21	0.21	0.21	0.21
186	CSL	3	0.16	0.21	0.21	0.21	0.21
187	CSL	3	0.16	0.21	0.21	0.21	0.21
188	CSL	3	0.16	0.21	0.21	0.21	0.21
189	CSL	3	0.16	0.21	0.21	0.21	0.21
190	CSL	3	0.16	0.21	0.21	0.21	0.21
191	CSL	3	0.16	0.21	0.21	0.21	0.21
192	CSL	3	0.16	0.21	0.21	0.21	0.21
193	CSL	3	0.16	0.21	0.21	0.21	0.21
194	CSL	3	0.16	0.21	0.21	0.21	0.21
195	CSL	3	0.16	0.21	0.21	0.21	0.21
196	CSL	3	0.16	0.21	0.21	0.21	0.21
197	CSL	3	0.16	0.21	0.21	0.21	0.21
198	CSL	3	0.16	0.21	0.21	0.21	0.21
199	CSL	3	0.16	0.21	0.21	0.21	0.21
200	CSL	3	0.16	0.21	0.21	0.21	0.21
201	CSL	3	0.16	0.21	0.21	0.21	0.21
202	CSL	3	0.16	0.21	0.21	0.21	0.21
203	CSL	3	0.16	0.21	0.21	0.21	0.21
204	CSL	3	0.16	0.21	0.21	0.21	0.21
205	CSL	3	0.16	0.21	0.21	0.21	0.21
206	CSL	3	0.16	0.21	0.21	0.21	0.21
207	CSL	3	0.16	0.21	0.21	0.21	0.21
208	CSL	3	0.16	0.21	0.21	0.21	0.21
209	CSL	3	0.16	0.21	0.21	0.21	0.21
210	CSL	3	0.16	0.21	0.21	0.21	0.21
211	CSL	3	0.16	0.21	0.21	0.21	0.21
212	CSL	3	0.16	0.21	0.21	0.21	0.21
213	CSL	3	0.16	0.21	0.21	0.21	0.21
214	CSL	3	0.16	0.21	0.21	0.21	0.21
215	CSL	3	0.16	0.21	0.21	0.21	0.21
216	CSL	3	0.16	0.21	0.21	0.21	0.21
217	CSL	3	0.16	0.21	0.21	0.21	0.21
218	CSL	3	0.16	0.21	0.21	0.21	0.21
219	CSL	3	0.16	0.21	0.21	0.21	0.21
220	CSL	3	0.16	0.21	0.21	0.21	0.21
221	CSL	3	0.16	0.21	0.21	0.21	0.21
222	CSL	3	0.16	0.21	0.21	0.21	0.21
223	CSL	3	0.16	0.21	0.21	0.21	0.21
224	CSL	3	0.16	0.21	0.21	0.21	0.21
225	CSL	3	0.16	0.21	0.21	0.21	0.21
226	CSL	3	0.16	0.21	0.21	0.21	0.21
227	CSL	3	0.16	0.21	0.21	0.21	0.21
228	CSL	3	0.16	0.21	0.21	0.21	0.21
229	CSL	3	0.16	0.21	0.21	0.21	0.21
230	CSL	3	0.16	0.21	0.21	0.21	0.21
231	CSL	3	0.16	0.21	0.21	0.21	0.21
232	CSL	3	0.16	0.21	0.21	0.21	0.21
233	CSL	3	0.16	0.21	0.21	0.21	0.21
234	CSL	3	0.16	0.21	0.21	0.21	0.21
235	CSL	3	0.16	0.21	0.21	0.21	0.21
236	CSL	3	0.16	0.21	0.21	0.21	0.21
237	CSL	3	0.16	0.21	0.21	0.21	0.21
238	CSL	3	0.16	0.21	0.21	0.21	0.21
239	CSL	3	0.16	0.21	0.21	0.21	0.21
240	CSL	3	0.16	0.21	0.21	0.21	0.21
241	CSL	3	0.16	0.21	0.21	0.21	0.21
242	CSL	3	0.16	0.21	0.21	0.21	0.21
243	CSL	3	0.16	0.21	0.21	0.21	0.21
244	CSL	3	0.16	0.21	0.21	0.21	0.21
245	CSL	3	0.16	0.21	0.21	0.21	0.21
246	CSL	3	0.16	0.21	0.21	0.21	0.21
247	CSL	3	0.16	0.21	0.21	0.21	0.21
248	CSL	3	0.16	0.21	0.21	0.21	0.21
249	CSL	3	0.16	0.21	0.21	0.21	0.21
250	CSL	3	0.16	0.21	0.21	0.21	0.21
251	CSL	3	0.16	0.21	0.21	0.21	0.21
252	CSL	3	0.16	0.21	0.21	0.21	0.21
253	CSL	3	0.16	0.21	0.21	0.21	0.21
254	CSL	3	0.16	0.21	0.21	0.21	0.21
255	CSL	3	0.16	0.21	0.21	0.21	0.21
256	CSL	3	0.16	0.21	0.21	0.21	0.21
257	CSL	3	0.16	0.21	0.21	0.21	0.21
258	CSL	3	0.16	0.21	0.21	0.21	0.21
259	CSL	3	0.16	0.21	0.21	0.21	0.21
260	CSL	3	0.16	0.21	0.21	0.21	0.21
261	CSL	3	0.16	0.21	0.21	0.21	0.21
262	CSL	3	0.16	0.21	0.21	0.21	0.21
263	CSL	3	0.16	0.21	0.21	0.21	0.21
264	CSL	3	0.16	0.21	0.21	0.21	0.21
265	CSL	3	0.16	0.21	0.21	0.21	0.21
266	CSL	3	0.16	0.21	0.21	0.21	0.21
267	CSL	3	0.16	0.21	0.21	0.21	0.21
268	CSL	3	0.16	0.21	0.21	0.21	0.21
269	CSL	3	0.16	0.21	0.21	0.21	0.21
270	CSL	3	0.16	0.21	0.21	0.21	0.21
271	CSL	3	0.16	0.21	0.21	0.21	0.21
272	CSL	3	0.16	0.21	0.21	0.21	0.21
273	CSL	3	0.16	0.21	0.21	0.21	0.21
274	CSL	3	0.16	0.21	0.21	0.21	0.21
275	CSL	3	0.16	0.21	0.21	0.21	0.21
276	CSL	3	0.16	0.21	0.21	0.21	0.21
277	CSL	3	0.16	0.21	0.21	0.21	0.21
278	CSL	3	0.16	0.21	0.21	0.21	0.21
279	CSL	3	0.16	0.21	0.21	0.21	0.21
280	CSL	3	0.16	0.21	0.21	0.21	0.21
281	CSL	3	0.16	0.21	0.21	0.21	0.21
282	CSL	3	0.16	0.21	0.21	0.21	0.21
283	CSL	3	0.16	0.21	0.21	0.21	0.21
284	CSL	3	0.16	0.21	0.21	0.21	0.21
285	CSL	3	0.16	0.21	0.21	0.21	0.21
286	CSL	3	0.16	0.21	0.21	0.21	0.21
287	CSL	3	0.16	0.21	0.21	0.21	0.21
288	CSL	3	0.16	0.21	0.21	0.21	0.21
289	CSL	3	0.16	0.21	0.21	0.21	0.21
290	CSL	3	0.16	0.21	0.21	0.21	0.21
291	CSL	3	0.16	0.21	0.21	0.21	0.21
292	CSL	3	0.16	0.21	0.21	0.21	0.21
293	CSL	3	0.16	0.21	0.21	0.21	0.21
294	CSL	3	0.16	0.21	0.21	0.21	0.21
295	CSL	3	0.16	0.21	0.21	0.21	0.21
296	CSL	3	0.16	0.21	0.21	0.21	0.21
297	CSL	3	0.16	0.21	0.21	0.21	0.21
298	CSL	3	0.16	0.21	0.21	0.21	0.21
299	CSL	3	0.16	0.21	0.21	0.21	0.21
300	CSL	3	0.16	0.21	0.21	0.21	0.21
301	CSL	3	0.16	0.21	0.21	0.21	0.21
302	CSL	3	0.16	0.21	0.21	0.21	0.21
303	CSL	3	0.16	0.21	0.21	0.21	0.21
304	CSL	3	0.16	0.21	0.21	0.21	0.21
305	CSL	3	0.16	0.21	0.21	0.21	0.21
306	CSL	3	0.16	0.21	0.21	0.21	0.21
307	CSL	3	0.16	0.21	0.21	0.21	0.21
308	CSL	3	0.16	0.21	0.21	0.21	0.21
309	CSL	3	0.16	0.21	0.21	0.21	0.21
310	CSL	3	0.16	0.21	0.21	0.21	0.21
311	CSL	3	0.16	0.21	0.21	0.21	0.21
312	CSL	3	0.16	0.21	0.21	0.21	0.21
313	CSL	3	0.16	0.21	0.21	0.21	0.21
314	CSL	3	0.16	0.21	0.21	0.21	0.21
315	CSL	3	0.16	0.21	0.21	0.21	0.21
316	CSL	3	0.16	0.21	0.21	0.21	0.21
317	CSL	3	0.16	0.21	0.21	0.21	0.21
318	CSL	3	0.16	0.21	0.21	0.21	0.21
319	CSL	3	0.16	0.21	0.21	0.21	0.21
320	CSL	3	0.16	0.21	0.21	0.21	0.21
321	CSL	3	0.16	0.21	0.21	0.21	0.21
322	CSL	3	0.16	0.21	0.21	0.21	0.21
323	CSL	3	0.16	0.21	0.21	0.21	0.21
324	CSL	3	0.16	0.21	0.21	0.21	0.21
325	CSL	3	0.16	0.21	0.21	0.21	0.21
326	CSL	3	0.16	0.21	0.21	0.21	0.21
327	CSL	3	0.16	0.21	0.21	0.21	0.21
328	CSL	3	0.16	0.21	0.21	0.21	0.21
329	CSL	3	0.16	0.21	0.21	0.21	0.21
330	CSL	3	0.16	0.21	0.21	0.21	0.21
331	CSL	3	0.16	0.21	0.21	0.21	0.21
332	CSL	3	0.16	0.21	0.21	0.21	0.21
333	CSL	3	0.16	0.21	0.21	0.21	0.21
334	CSL	3	0.16	0.21	0.21	0.21	0.21
335	CSL	3	0.16	0.21	0.21	0.21	0.21
336	CSL	3	0.16	0.21	0.21	0.21	0.21
337	CSL	3	0.16	0.21	0.21	0.21	0.21
338	CSL	3	0.16	0.21	0.21	0.21	0.21
339	CSL	3	0.16	0.21	0.21	0.21	0.21
340	CSL	3	0.16	0.21	0.21	0.21	0.21
341	CSL	3	0.16	0.21	0.21	0.21	0.21
342	CSL	3	0.16	0.21	0.21	0.21	0.21
343	CSL	3	0.16	0.21	0.21	0.21	0.21
344	CSL	3	0.16	0.21	0.21	0.21	0.21
345	CSL	3	0.16	0.21	0.21	0.21	0.21
346	CSL	3	0.16	0.21	0.21	0.21	0.21
347	CSL	3	0.16	0.21	0.21	0.21	0.21
348	CSL	3	0.16	0.21	0.21	0.21	0.21
349	CSL	3	0.16	0.21	0.21	0.21	0.21
350	CSL	3	0.16	0.21	0.21	0.21	0.21
351	CSL	3	0.16	0.21	0.21	0.21	0.21
352	CSL	3	0.16	0.21	0.21	0.21	0.21
353	CSL	3	0.16	0.21	0.21	0.21	0.21
354	CSL	3	0.16	0.21	0.21	0.21	0.21
355	CSL	3	0.16	0.21	0.21	0.21	0.21
356	CSL	3	0.16	0.21	0.21	0.21	0.21
357	CSL	3	0.16	0.21	0.21	0.21	0.21
358	CSL	3	0.16	0.21	0.21	0.21	0.21
359	CSL	3	0.16	0.21	0.21	0.21	0.21
360	CSL	3	0.16	0.21	0.21	0.21	0.21
361	CSL	3	0.16	0.21	0.21	0.21	0.21
362	CSL	3	0.16	0.21	0.21	0.21	0.21
363	CSL	3	0.16	0.21	0.21	0.21	0.21
364	CSL	3	0.16	0.21	0.21	0.21	0.21
365	CSL	3	0.16	0.21	0.21	0.21	0.21
1	KW	4	0	0.017241379	0.176724138	0.551724138	0.254310345
2	KW	4	0	0.017241379	0.176724138	0.551724138	0.254310345
3	KW	4	0	0.017241379	0.176724138	0.551724138	0.254310345
4	KW	4	0	0.017241379	0.176724138	0.551724138	0.254310345
5	KW	4	0	0.017241379	0.176724138	0.551724138	0.254310345
6	KW	4	0	0.017241379	0.176724138	0.551724138	0.254310345
7	KW	4	0	0.017241379	0.176724138	0.551724138	0.254310345
8	KW	4	0	0.017241379	0.176724138	0.551724138	0.254310345
9	KW	4	0	0.017241379	0.176724138	0.551724138	0.254310345
10	KW	4	0	0.017241379	0.176724138	0.551724138	0.254310345
11	KW	4	0	0.017241379	0.176724138	0.551724138	0.254310345
12	KW	4	0	0.017241379	0.176724138	0.551724138	0.254310345
13	KW	4	0	0.017241379	0.176724138	0.551724138	0.254310345
14	KW	4	0	0.017241379	0.176724138	0.551724138	0.254310345
15	KW	4	0	0.017241379	0.176724138	0.551724138	0.254310345
16	KW	4	0	0.017241379	0.176724138	0.551724138	0.254310345
17	KW	4	0	0.017241379	0.176724138	0.551724138	0.254310345
18	KW	4	0	0.017241379	0.176724138	0.551724138	0.254310345
19	KW	4	0	0.017241379	0.176724138	0.551724138	0.254310345
20	KW	4	0	0.017241379	0.176724138	0.551724138	0.254310345
21	KW	4	0	0.017241379	0.176724138	0.551724138	0.254310345
22	KW	4	0	0.017241379	0.176724138	0.551724138	0.254310345
23	KW	4	0	0.017241379	0.176724138	0.551724138	0.254310345
24	KW	4	0	0.017241379	0.176724138	0.551724138	0.254310345
25	KW	4	0	0.017241379	0.176724138	0.551724138	0.254310345
26	KW	4	0	0.017241379	0.176724138	0.551724138	0.254310345
27	KW	4	0	0.017241379	0.176724138	0.551724138	0.254310345
28	KW	4	0	0.017241379	0.176724138	0.551724138	0.254310345
29	KW	4	0	0.017241379	0.176724138	0.551724138	0.254310345
30	KW	4	0	0.017241379	0.176724138	0.551724138	0.254310345
31	KW	4	0	0.017241379	0.176724138	0.551724138	0.254310345
32	KW	4	0	0.017241379	0.176724138	0.551724138	0.254310345
33	KW	4	0	0.017241379	0.176724138	0.551724138	0.254310345
34	KW	4	0	0.017241379	0.176724138	0.551724138	0.254310345
35	KW	4	0	0.017241379	0.176724138	0.551724138	0.254310345
36	KW	4	0	0.017241379	0.176724138	0.551724138	0.254310345
37	KW	4	0	0.017241379	0.176724138	0.551724138	0.254310345
38	KW	4	0	0.017241379	0.176724138	0.551724138	0.254310345
39	KW	4	0	0.017241379	0.176724138	0.551724138	0.254310345
40	KW	4	0	0.017241379	0.176724138	0.551724138	0.254310345
41	KW	4	0	0.017241379	0.176724138	0.551724138	0.254310345
42	KW	4	0	0.017241379	0.176724138	0.551724138	0.254310345
43	KW	4	0	0.017241379	0.176724138	0.551724138	0.254310345
44	KW	4	0	0.017241379	0.176724138	0.551724138	0.254310345
45	KW	4	0	0.017241379	0.176724138	0.551724138	0.254310345
46	KW	4	0	0.017241379	0.176724138	0.551724138	0.254310345
47	KW	4	0	0.017241379	0.176724138	0.551724138	0.254310345
48	KW	4	0	0.017241379	0.176724138	0.551724138	0.254310345
49	KW	4	0	0.017241379	0.176724138	0.551724138	0.254310345
50	KW	4	0	0.017241379	0.176724138	0.551724138	0.254310345
51	KW	4	0	0.017241379	0.176724138	0.551724138	0.254310345
52	KW	4	0	0.017241379	0.176724138	0.551724138	0.254310345
53	KW	4	0	0.017241379	0.176724138	0.551724138	0.254310345
54	KW	4	0	0.017241379	0.176724138	0.551724138	0.254310345
55	KW	4	0	0.017241379	0.176724138	0.551724138	0.254310345
56	KW	4	0	0.017241379	0.176724138	0.551724138	0.254310345
57	KW	4	0	0.017241379	0.176724138	0.551724138	0.254310345
58	KW	4	0	0.017241379	0.176724138	0.551724138	0.254310345
59	KW	4	0	0.017241379	0.176724138	0.551724138	0.254310345
60	KW	4	0	0.017241379	0.176724138	0.551724138	0.254310345
61	KW	4	0	0.017241379	0.176724138	0.551724138	0.254310345
62	KW	4	0	0.017241379	0.176724138	0.551724138	0.254310345
63	KW	4	0	0.017241379	0.176724138	0.551724138	0.254310345
64	KW	4	0	0.017241379	0.176724138	0.551724138	0.254310345
65	KW	4	0	0.017241379	0.176724138	0.551724138	0.254310345
66	KW	4	0	0.017241379	0.176724138	0.551724138	0.254310345
67	KW	4	0	0.017241379	0.176724138	0.551724138	0.254310345
68	KW	4	0	0.017241379	0.176724138	0.551724138	0.254310345
69	KW	4	0	0.017241379	0.176724138	0.551724138	0.254310345
70	KW	4	0	0.017241379	0.176724138	0.551724138	0.254310345
71	KW	4	0	0.017241379	0.176724138	0.551724138	0.254310345
72	KW	4	0	0.017241379	0.176724138	0.551724138	0.254310345
73	KW	4	0	0.017241379	0.176724138	0.551724138	0.254310345
74	KW	4	0	0.017241379	0.176724138	0.551724138	0.254310345
75	KW	4	0	0.017241379	0.176724138	0.551724138	0.254310345
76	KW	4	0	0.017241379	0.176724138	0.551724138	0.254310345
77	KW	4	0	0.017241379	0.176724138	0.551724138	0.254310345
78	KW	4	0	0.017241379	0.176724138	0.551724138	0.254310345
79	KW	4	0	0.017241379	0.176724138	0.551724138	0.254310345
80	KW	4	0	0.017241379	0.176724138	0.551724138	0.254310345
81	KW	4	0	0.017241379	0.176724138	0.551724138	0.254310345
82	KW	4	0	0.017241379	0.176724138	0.551724138	0.254310345
83	KW	4	0	0.017241379	0.176724138	0.551724138	0.254310345
84	KW	4	0	0.017241379	0.176724138	0.551724138	0.254310345
85	KW	4	0	0.017241379	0.176724138	0.551724138	0.254310345
86	KW	4	0	0.017241379	0.176724138	0.551724138	0.254310345
87	KW	4	0	0.017241379	0.176724138	0.551724138	0.254310345
88	KW	4	0	0.017241379	0.176724138	0.551724138	0.254310345
89	KW	4	0	0.017241379	0.176724138	0.551724138	0.254310345
90	KW	4	0	0.017241379	0.176724138	0.551724138	0.254310345
91	KW	4	0	0.017241379	0.176724138	0.551724138	0.254310345
92	KW	4	0	0.017241379	0.176724138	0.551724138	0.254310345
93	KW	4	0	0.017241379	0.176724138	0.551724138	0.254310345
94	KW	4	0	0.017241379	0.176724138	0.551724138	0.254310345
95	KW	4	0	0.017241379	0.176724138	0.551724138	0.254310345
96	KW	4	0	0.017241379	0.176724138	0.551724138	0.254310345
97	KW	4	0	0.017241379	0.176724138	0.551724138	0.254310345
98	KW	4	0	0.017241379	0.176724138	0.551724138	0.254310345
99	KW	4	0	0.017241379	0.176724138	0.551724138	0.254310345
100	KW	4	0	0.017241379	0.176724138	0.551724138	0.254310345
101	KW	4	0	0.017241379	0.176724138	0.551724138	0.254310345
102	KW	4	0	0.017241379	0.176724138	0.551724138	0.254310345
103	KW	4	0	0.017241379	0.176724138	0.551724138	0.254310345
104	KW	4	0	0.017241379	0.176724138	0.551724138	0.254310345
105	KW	4	0	0.017241379	0.176724138	0.551724138	0.254310345
106	KW	4	0	0.017241379	0.176724138	0.551724138	0.254310345
107	KW	4	0	0.017241379	0.176724138	0.551724138	0.254310345
108	KW	4	0	0.017241379	0.176724138	0.551724138	0.254310345
109	KW	4	0	0.017241379	0.176724138	0.551724138	0.254310345
110	KW	4	0	0.017241379	0.176724138	0.551724138	0.254310345
111	KW	4	0	0.017241379	0.176724138	0.551724138	0.254310345
112	KW	4	0	0.017241379	0.176724138	0.551724138	0.254310345
113	KW	4	0	0.017241379	0.176724138	0.551724138	0.254310345
114	KW	4	0	0.017241379	0.176724138	0.551724138	0.254310345
115	KW	4	0	0.017241379	0.176724138	0.551724138	0.254310345
116	KW	4	0	0.017241379	0.176724138	0.551724138	0.254310345
117	KW	4	0	0.017241379	0.176724138	0.551724138	0.254310345
118	KW	4	0	0.017241379	0.176724138	0.551724138	0.254310345
119	KW	4	0	0.017241379	0.176724138	0.551724138	0.254310345
120	KW	4	0	0.017241379	0.176724138	0.551724138	0.254310345
121	KW	4	0	0.017241379	0.176724138	0.551724138	0.254310345
122	KW	4	0	0.017241379	0.176724138	0.551724138	0.254310345
123	KW	4	0	0.017241379	0.176724138	0.551724138	0.254310345
124	KW	4	0	0.017241379	0.176724138	0.551724138	0.254310345
125	KW	4	0	0.017241379	0.176724138	0.551724138	0.254310345
126	KW	4	0	0.017241379	0.176724138	0.551724138	0.254310345
127	KW	4	0	0.017241379	0.176724138	0.551724138	0.254310345
128	KW	4	0	0.017241379	0.176724138	0.551724138	0.254310345
129	KW	4	0	0.017241379	0.176724138	0.551724138	0.254310345
130	KW	4	0	0.017241379	0.176724138	0.551724138	0.254310345
131	KW	4	0	0.017241379	0.176724138	0.551724138	0.254310345
132	KW	4	0	0.017241379	0.176724138	0.551724138	0.254310345
133	KW	4	0	0.017241379	0.176724138	0.551724138	0.254310345
134	KW	4	0	0.017241379	0.176724138	0.551724138	0.254310345
135	KW	4	0	0.017241379	0.176724138	0.551724138	0.254310345
136	KW	4	0	0.017241379	0.176724138	0.551724138	0.254310345
137	KW	4	0	0.017241379	0.176724138	0.551724138	0.254310345
138	KW	4	0	0.017241379	0.176724138	0.551724138	0.254310345
139	KW	4	0	0.017241379	0.176724138	0.551724138	0.254310345
140	KW	4	0	0.017241379	0.176724138	0.551724138	0.254310345
141	KW	4	0	0.017241379	0.176724138	0.551724138	0.254310345
142	KW	4	0	0.017241379	0.176724138	0.551724138	0.254310345
143	KW	4	0	0.017241379	0.176724138	0.551724138	0.254310345
144	KW	4	0	0.017241379	0.176724138	0.551724138	0.254310345
145	KW	4	0	0.017241379	0.176724138	0.551724138	0.254310345
146	KW	4	0	0.017241379	0.176724138	0.551724138	0.254310345
147	KW	4	0	0.017241379	0.176724138	0.551724138	0.254310345
148	KW	4	0	0.017241379	0.176724138	0.551724138	0.254310345
149	KW	4	0	0.017241379	0.176724138	0.551724138	0.254310345
150	KW	4	0	0.017241379	0.176724138	0.551724138	0.254310345
151	KW	4	0	0.017241379	0.176724138	0.551724138	0.254310345
152	KW	4	0	0.017241379	0.176724138	0.551724138	0.254310345
153	KW	4	0	0.017241379	0.176724138	0.551724138	0.254310345
154	KW	4	0	0.017241379	0.176724138	0.551724138	0.254310345
155	KW	4	0	0.017241379	0.176724138	0.551724138	0.254310345
156	KW	4	0	0.017241379	0.176724138	0.551724138	0.254310345
157	KW	4	0	0.017241379	0.176724138	0.551724138	0.254310345
158	KW	4	0	0.017241379	0.176724138	0.551724138	0.254310345
159	KW	4	0	0.017241379	0.176724138	0.551724138	0.254310345
160	KW	4	0	0.017241379	0.176724138	0.551724138	0.254310345
161	KW	4	0	0.017241379	0.176724138	0.551724138	0.254310345
162	KW	4	0	0.017241379	0.176724138	0.551724138	0.254310345
163	KW	4	0	0.017241379	0.176724138	0.551724138	0.254310345
164	KW	4	0	0.017241379	0.176724138	0.551724138	0.254310345
165	KW	4	0	0.017241379	0.176724138	0.551724138	0.254310345
166	KW	4	0	0.017241379	0.176724138	0.551724138	0.254310345
167	KW	4	0	0.017241379	0.176724138	0.551724138	0.254310345
168	KW	4	0	0.017241379	0.176724138	0.551724138	0.254310345
169	KW	4	0	0.017241379	0.176724138	0.551724138	0.254310345
170	KW	4	0	0.017241379	0.176724138	0.551724138	0.254310345
171	KW	4	0	0.017241379	0.176724138	0.551724138	0.254310345
172	KW	4	0	0.017241379	0.176724138	0.551724138	0.254310345
173	KW	4	0	0.017241379	0.176724138	0.551724138	0.254310345
174	KW	4	0	0.017241379	0.176724138	0.551724138	0.254310345
175	KW	4	0	0.017241379	0.176724138	0.551724138	0.254310345
176	KW	4	0	0.017241379	0.176724138	0.551724138	0.254310345
177	KW	4	0	0.017241379	0.176724138	0.551724138	0.254310345
178	KW	4	0	0.017241379	0.176724138	0.551724138	0.254310345
179	KW	4	0	0.017241379	0.176724138	0.551724138	0.254310345
180	KW	4	0	0.017241379	0.176724138	0.551724138	0.254310345
181	KW	4	0	0.017241379	0.176724138	0.551724138	0.254310345
182	KW	4	0	0.017241379	0.176724138	0.551724138	0.254310345
183	KW	4	0	0.017241379	0.176724138	0.551724138	0.254310345
184	KW	4	0	0.017241379	0.176724138	0.551724138	0.254310345
185	KW	4	0	0.017241379	0.176724138	0.551724138	0.254310345
186	KW	4	0	0.017241379	0.176724138	0.551724138	0.254310345
187	KW	4	0	0.017241379	0.176724138	0.551724138	0.254310345
188	KW	4	0	0.017241379	0.176724138	0.551724138	0.254310345
189	KW	4	0	0.017241379	0.176724138	0.551724138	0.254310345
190	KW	4	0	0.017241379	0.176724138	0.551724138	0.254310345
191	KW	4	0	0.017241379	0.176724138	0.551724138	0.254310345
192	KW	4	0	0.017241379	0.176724138	0.551724138	0.254310345
193	KW	4	0	0.017241379	0.176724138	0.551724138	0.254310345
194	KW	4	0	0.017241379	0.176724138	0.551724138	0.254310345
195	KW	4	0	0.017241379	0.176724138	0.551724138	0.254310345
196	KW	4	0	0.017241379	0.176724138	0.551724138	0.254310345
197	KW	4	0	0.017241379	0.176724138	0.551724138	0.254310345
198	KW	4	0	0.017241379	0.176724138	0.551724138	0.254310345
199	KW	4	0	0.017241379	0.176724138	0.551724138	0.254310345
200	KW	4	0	0.017241379	0.176724138	0.551724138	0.254310345
201	KW	4	0	0.017241379	0.176724138	0.551724138	0.254310345
202	KW	4	0	0.017241379	0.176724138	0.551724138	0.254310345
203	KW	4	0	0.017241379	0.176724138	0.551724138	0.254310345
204	KW	4	0	0.017241379	0.176724138	0.551724138	0.254310345
205	KW	4	0	0.017241379	0.176724138	0.551724138	0.254310345
206	KW	4	0	0.017241379	0.176724138	0.551724138	0.254310345
207	KW	4	0	0.017241379	0.176724138	0.551724138	0.254310345
208	KW	4	0	0.017241379	0.176724138	0.551724138	0.254310345
209	KW	4	0	0.017241379	0.176724138	0.551724138	0.254310345
210	KW	4	0	0.017241379	0.176724138	0.551724138	0.254310345
211	KW	4	0	0.017241379	0.176724138	0.551724138	0.254310345
212	KW	4	0	0.017241379	0.176724138	0.551724138	0.254310345
213	KW	4	0	0.017241379	0.176724138	0.551724138	0.254310345
214	KW	4	0	0.017241379	0.176724138	0.551724138	0.254310345
215	KW	4	0	0.017241379	0.176724138	0.551724138	0.254310345
216	KW	4	0	0.017241379	0.176724138	0.551724138	0.254310345
217	KW	4	0	0.017241379	0.176724138	0.551724138	0.254310345
218	KW	4	0	0.017241379	0.176724138	0.551724138	0.254310345
219	KW	4	0	0.017241379	0.176724138	0.551724138	0.254310345
220	KW	4	0	0.017241379	0.176724138	0.551724138	0.254310345
221	KW	4	0	0.017241379	0.176724138	0.551724138	0.254310345
222	KW	4	0	0.017241379	0.176724138	0.551724138	0.254310345
223	KW	4	0	0.017241379	0.176724138	0.551724138	0.254310345
224	KW	4	0	0.017241379	0.176724138	0.551724138	0.254310345
225	KW	4	0	0.017241379	0.176724138	0.551724138	0.254310345
226	KW	4	0	0.017241379	0.176724138	0.551724138	0.254310345
227	KW	4	0	0.017241379	0.176724138	0.551724138	0.254310345
228	KW	4	0	0.017241379	0.176724138	0.551724138	0.254310345
229	KW	4	0	0.017241379	0.176724138	0.551724138	0.254310345
230	KW	4	0	0.017241379	0.176724138	0.551724138	0.254310345
231	KW	4	0	0.017241379	0.176724138	0.551724138	0.254310345
232	KW	4	0	0.017241379	0.176724138	0.551724138	0.254310345
233	KW	4	0	0.017241379	0.176724138	0.551724138	0.254310345
234	KW	4	0	0.017241379	0.176724138	0.551724138	0.254310345
235	KW	4	0	0.017241379	0.176724138	0.551724138	0.254310345
236	KW	4	0	0.017241379	0.176724138	0.551724138	0.254310345
237	KW	4	0	0.017241379	0.176724138	0.551724138	0.254310345
238	KW	4	0	0.017241379	0.176724138	0.551724138	0.254310345
239	KW	4	0	0.017241379	0.176724138	0.551724138	0.254310345
240	KW	4	0	0.017241379	0.176724138	0.551724138	0.254310345
241	KW	4	0	0.017241379	0.176724138	0.551724138	0.254310345
242	KW	4	0	0.017241379	0.176724138	0.551724138	0.254310345
243	KW	4	0	0.017241379	0.176724138	0.551724138	0.254310345
244	KW	4	0	0.017241379	0.176724138	0.551724138	0.254310345
245	KW	4	0	0.017241379	0.176724138	0.551724138	0.254310345
246	KW	4	0	0.017241379	0.176724138	0.551724138	0.254310345
247	KW	4	0	0.017241379	0.176724138	0.551724138	0.254310345
248	KW	4	0	0.017241379	0.176724138	0.551724138	0.254310345
249	KW	4	0	0.017241379	0.176724138	0.551724138	0.254310345
250	KW	4	0	0.017241379	0.176724138	0.551724138	0.254310345
251	KW	4	0	0.017241379	0.176724138	0.551724138	0.254310345
252	KW	4	0	0.017241379	0.176724138	0.551724138	0.254310345
253	KW	4	0	0.017241379	0.176724138	0.551724138	0.254310345
254	KW	4	0	0.017241379	0.176724138	0.551724138	0.254310345
255	KW	4	0	0.017241379	0.176724138	0.551724138	0.254310345
256	KW	4	0	0.017241379	0.176724138	0.551724138	0.254310345
257	KW	4	0	0.017241379	0.176724138	0.551724138	0.254310345
258	KW	4	0	0.017241379	0.176724138	0.551724138	0.254310345
259	KW	4	0	0.017241379	0.176724138	0.551724138	0.254310345
260	KW	4	0	0.017241379	0.176724138	0.551724138	0.254310345
261	KW	4	0	0.017241379	0.176724138	0.551724138	0.254310345
262	KW	4	0	0.017241379	0.176724138	0.551724138	0.254310345
263	KW	4	0	0.017241379	0.176724138	0.551724138	0.254310345
264	KW	4	0	0.017241379	0.176724138	0.551724138	0.254310345
265	KW	4	0	0.017241379	0.176724138	0.551724138	0.254310345
266	KW	4	0	0.017241379	0.176724138	0.551724138	0.254310345
267	KW	4	0	0.017241379	0.176724138	0.551724138	0.254310345
268	KW	4	0	0.017241379	0.176724138	0.551724138	0.254310345
269	KW	4	0	0.017241379	0.176724138	0.551724138	0.254310345
270	KW	4	0	0.017241379	0.176724138	0.551724138	0.254310345
271	KW	4	0	0.017241379	0.176724138	0.551724138	0.254310345
272	KW	4	0	0.017241379	0.176724138	0.551724138	0.254310345
273	KW	4	0	0.017241379	0.176724138	0.551724138	0.254310345
274	KW	4	0	0.017241379	0.176724138	0.551724138	0.254310345
275	KW	4	0	0.017241379	0.176724138	0.551724138	0.254310345
276	KW	4	0	0.017241379	0.176724138	0.551724138	0.254310345
277	KW	4	0	0.017241379	0.176724138	0.551724138	0.254310345
278	KW	4	0	0.017241379	0.176724138	0.551724138	0.254310345
279	KW	4	0	0.017241379	0.176724138	0.551724138	0.254310345
280	KW	4	0	0.017241379	0.176724138	0.551724138	0.254310345
281	KW	4	0	0.017241379	0.176724138	0.551724138	0.254310345
282	KW	4	0	0.017241379	0.176724138	0.551724138	0.254310345
283	KW	4	0	0.017241379	0.176724138	0.551724138	0.254310345
284	KW	4	0	0.017241379	0.176724138	0.551724138	0.254310345
285	KW	4	0	0.017241379	0.176724138	0.551724138	0.254310345
286	KW	4	0	0.017241379	0.176724138	0.551724138	0.254310345
287	KW	4	0	0.017241379	0.176724138	0.551724138	0.254310345
288	KW	4	0	0.017241379	0.176724138	0.551724138	0.254310345
289	KW	4	0	0.017241379	0.176724138	0.551724138	0.254310345
290	KW	4	0	0.017241379	0.176724138	0.551724138	0.254310345
291	KW	4	0	0.017241379	0.176724138	0.551724138	0.254310345
292	KW	4	0	0.017241379	0.176724138	0.551724138	0.254310345
293	KW	4	0	0.017241379	0.176724138	0.551724138	0.254310345
294	KW	4	0	0.017241379	0.176724138	0.551724138	0.254310345
295	KW	4	0	0.017241379	0.176724138	0.551724138	0.254310345
296	KW	4	0	0.017241379	0.176724138	0.551724138	0.254310345
297	KW	4	0	0.017241379	0.176724138	0.551724138	0.254310345
298	KW	4	0	0.017241379	0.176724138	0.551724138	0.254310345
299	KW	4	0	0.017241379	0.176724138	0.551724138	0.254310345
300	KW	4	0	0.017241379	0.176724138	0.551724138	0.254310345
301	KW	4	0	0.017241379	0.176724138	0.551724138	0.254310345
302	KW	4	0	0.017241379	0.176724138	0.551724138	0.254310345
303	KW	4	0	0.017241379	0.176724138	0.551724138	0.254310345
304	KW	4	0	0.017241379	0.176724138	0.551724138	0.254310345
305	KW	4	0	0.017241379	0.176724138	0.551724138	0.254310345
306	KW	4	0	0.017241379	0.176724138	0.551724138	0.254310345
307	KW	4	0	0.017241379	0.176724138	0.551724138	0.254310345
308	KW	4	0	0.017241379	0.176724138	0.551724138	0.254310345
309	KW	4	0	0.017241379	0.176724138	0.551724138	0.254310345
310	KW	4	0	0.017241379	0.176724138	0.551724138	0.254310345
311	KW	4	0	0.017241379	0.176724138	0.551724138	0.254310345
312	KW	4	0	0.017241379	0.176724138	0.551724138	0.254310345
313	KW	4	0	0.017241379	0.176724138	0.551724138	0.254310345
314	KW	4	0	0.017241379	0.176724138	0.551724138	0.254310345
315	KW	4	0	0.017241379	0.176724138	0.551724138	0.254310345
316	KW	4	0	0.017241379	0.176724138	0.551724138	0.254310345
317	KW	4	0	0.017241379	0.176724138	0.551724138	0.254310345
318	KW	4	0	0.017241379	0.176724138	0.551724138	0.254310345
319	KW	4	0	0.017241379	0.176724138	0.551724138	0.254310345
320	KW	4	0	0.017241379	0.176724138	0.551724138	0.254310345
321	KW	4	0	0.017241379	0.176724138	0.551724138	0.254310345
322	KW	4	0	0.017241379	0.176724138	0.551724138	0.254310345
323	KW	4	0	0.017241379	0.176724138	0.551724138	0.254310345
324	KW	4	0	0.017241379	0.176724138	0.551724138	0.254310345
325	KW	4	0	0.017241379	0.176724138	0.551724138	0.254310345
326	KW	4	0	0.017241379	0.176724138	0.551724138	0.254310345
327	KW	4	0	0.017241379	0.176724138	0.551724138	0.254310345
328	KW	4	0	0.017241379	0.176724138	0.551724138	0.254310345
329	KW	4	0	0.017241379	0.176724138	0.551724138	0.254310345
330	KW	4	0	0.017241379	0.176724138	0.551724138	0.254310345
331	KW	4	0	0.017241379	0.176724138	0.551724138	0.254310345
332	KW	4	0	0.017241379	0.176724138	0.551724138	0.254310345
333	KW	4	0	0.017241379	0.176724138	0.551724138	0.254310345
334	KW	4	0	0.017241379	0.176724138	0.551724138	0.254310345
335	KW	4	0	0.017241379	0.176724138	0.551724138	0.254310345
336	KW	4	0	0.017241379	0.176724138	0.551724138	0.254310345
337	KW	4	0	0.017241379	0.176724138	0.551724138	0.254310345
338	KW	4	0	0.017241379	0.176724138	0.551724138	0.254310345
339	KW	4	0	0.017241379	0.176724138	0.551724138	0.254310345
340	KW	4	0	0.017241379	0.176724138	0.551724138	0.254310345
341	KW	4	0	0.017241379	0.176724138	0.551724138	0.254310345
342	KW	4	0	0.017241379	0.176724138	0.551724138	0.254310345
343	KW	4	0	0.017241379	0.176724138	0.551724138	0.254310345
344	KW	4	0	0.017241379	0.176724138	0.551724138	0.254310345
345	KW	4	0	0.017241379	0.176724138	0.551724138	0.254310345
346	KW	4	0	0.017241379	0.176724138	0.551724138	0.254310345
347	KW	4	0	0.017241379	0.176724138	0.551724138	0.254310345
348	KW	4	0	0.017241379	0.176724138	0.551724138	0.254310345
349	KW	4	0	0.017241379	0.176724138	0.551724138	0.254310345
350	KW	4	0	0.017241379	0.176724138	0.551724138	0.254310345
351	KW	4	0	0.017241379	0.176724138	0.551724138	0.254310345
352	KW	4	0	0.017241379	0.176724138	0.551724138	0.254310345
353	KW	4	0	0.017241379	0.176724138	0.551724138	0.254310345
354	KW	4	0	0.017241379	0.176724138	0.551724138	0.254310345
355	KW	4	0	0.017241379	0.176724138	0.551724138	0.254310345
356	KW	4	0	0.017241379	0.176724138	0.551724138	0.254310345
357	KW	4	0	0.017241379	0.176724138	0.551724138	0.254310345
358	KW	4	0	0.017241379	0.176724138	0.551724138	0.254310345
359	KW	4	0	0.017241379	0.176724138	0.551724138	0.254310345
360	KW	4	0	0.017241379	0.176724138	0.551724138	0.254310345
361	KW	4	0	0.017241379	0.176724138	0.551724138	0.254310345
362	KW	4	0	0.017241379	0.176724138	0.551724138	0.254310345
363	KW	4	0	0.017241379	0.176724138	0.551724138	0.254310345
364	KW	4	0	0.017241379	0.176724138	0.551724138	0.254310345
365	KW	4	0	0.017241379	0.176724138	0.551724138	0.254310345
