day	predator	predatorID	ocean0	ocean1	ocean2	ocean3	ocean4
1	HS	1	0.465	0.178333333	0.178333333	0.178333333	0
2	HS	1	0.465	0.178333333	0.178333333	0.178333333	0
3	HS	1	0.465	0.178333333	0.178333333	0.178333333	0
4	HS	1	0.465	0.178333333	0.178333333	0.178333333	0
5	HS	1	0.465	0.178333333	0.178333333	0.178333333	0
6	HS	1	0.465	0.178333333	0.178333333	0.178333333	0
7	HS	1	0.465	0.178333333	0.178333333	0.178333333	0
8	HS	1	0.465	0.178333333	0.178333333	0.178333333	0
9	HS	1	0.465	0.178333333	0.178333333	0.178333333	0
10	HS	1	0.465	0.178333333	0.178333333	0.178333333	0
11	HS	1	0.465	0.178333333	0.178333333	0.178333333	0
12	HS	1	0.465	0.178333333	0.178333333	0.178333333	0
13	HS	1	0.465	0.178333333	0.178333333	0.178333333	0
14	HS	1	0.465	0.178333333	0.178333333	0.178333333	0
15	HS	1	0.465	0.178333333	0.178333333	0.178333333	0
16	HS	1	0.465	0.178333333	0.178333333	0.178333333	0
17	HS	1	0.465	0.178333333	0.178333333	0.178333333	0
18	HS	1	0.465	0.178333333	0.178333333	0.178333333	0
19	HS	1	0.465	0.178333333	0.178333333	0.178333333	0
20	HS	1	0.465	0.178333333	0.178333333	0.178333333	0
21	HS	1	0.465	0.178333333	0.178333333	0.178333333	0
22	HS	1	0.465	0.178333333	0.178333333	0.178333333	0
23	HS	1	0.465	0.178333333	0.178333333	0.178333333	0
24	HS	1	0.465	0.178333333	0.178333333	0.178333333	0
25	HS	1	0.465	0.178333333	0.178333333	0.178333333	0
26	HS	1	0.465	0.178333333	0.178333333	0.178333333	0
27	HS	1	0.465	0.178333333	0.178333333	0.178333333	0
28	HS	1	0.465	0.178333333	0.178333333	0.178333333	0
29	HS	1	0.465	0.178333333	0.178333333	0.178333333	0
30	HS	1	0.465	0.178333333	0.178333333	0.178333333	0
31	HS	1	0.465	0.178333333	0.178333333	0.178333333	0
32	HS	1	0.465	0.178333333	0.178333333	0.178333333	0
33	HS	1	0.465	0.178333333	0.178333333	0.178333333	0
34	HS	1	0.465	0.178333333	0.178333333	0.178333333	0
35	HS	1	0.465	0.178333333	0.178333333	0.178333333	0
36	HS	1	0.465	0.178333333	0.178333333	0.178333333	0
37	HS	1	0.465	0.178333333	0.178333333	0.178333333	0
38	HS	1	0.465	0.178333333	0.178333333	0.178333333	0
39	HS	1	0.465	0.178333333	0.178333333	0.178333333	0
40	HS	1	0.465	0.178333333	0.178333333	0.178333333	0
41	HS	1	0.465	0.178333333	0.178333333	0.178333333	0
42	HS	1	0.465	0.178333333	0.178333333	0.178333333	0
43	HS	1	0.465	0.178333333	0.178333333	0.178333333	0
44	HS	1	0.465	0.178333333	0.178333333	0.178333333	0
45	HS	1	0.465	0.178333333	0.178333333	0.178333333	0
46	HS	1	0.465	0.178333333	0.178333333	0.178333333	0
47	HS	1	0.465	0.178333333	0.178333333	0.178333333	0
48	HS	1	0.465	0.178333333	0.178333333	0.178333333	0
49	HS	1	0.465	0.178333333	0.178333333	0.178333333	0
50	HS	1	0.465	0.178333333	0.178333333	0.178333333	0
51	HS	1	0.465	0.178333333	0.178333333	0.178333333	0
52	HS	1	0.465	0.178333333	0.178333333	0.178333333	0
53	HS	1	0.465	0.178333333	0.178333333	0.178333333	0
54	HS	1	0.465	0.178333333	0.178333333	0.178333333	0
55	HS	1	0.465	0.178333333	0.178333333	0.178333333	0
56	HS	1	0.465	0.178333333	0.178333333	0.178333333	0
57	HS	1	0.465	0.178333333	0.178333333	0.178333333	0
58	HS	1	0.465	0.178333333	0.178333333	0.178333333	0
59	HS	1	0.465	0.178333333	0.178333333	0.178333333	0
60	HS	1	0.465	0.178333333	0.178333333	0.178333333	0
61	HS	1	0.465	0.178333333	0.178333333	0.178333333	0
62	HS	1	0.465	0.178333333	0.178333333	0.178333333	0
63	HS	1	0.465	0.178333333	0.178333333	0.178333333	0
64	HS	1	0.465	0.178333333	0.178333333	0.178333333	0
65	HS	1	0.465	0.178333333	0.178333333	0.178333333	0
66	HS	1	0.465	0.178333333	0.178333333	0.178333333	0
67	HS	1	0.465	0.178333333	0.178333333	0.178333333	0
68	HS	1	0.465	0.178333333	0.178333333	0.178333333	0
69	HS	1	0.465	0.178333333	0.178333333	0.178333333	0
70	HS	1	0.465	0.178333333	0.178333333	0.178333333	0
71	HS	1	0.465	0.178333333	0.178333333	0.178333333	0
72	HS	1	0.465	0.178333333	0.178333333	0.178333333	0
73	HS	1	0.465	0.178333333	0.178333333	0.178333333	0
74	HS	1	0.465	0.178333333	0.178333333	0.178333333	0
75	HS	1	0.465	0.178333333	0.178333333	0.178333333	0
76	HS	1	0.465	0.178333333	0.178333333	0.178333333	0
77	HS	1	0.465	0.178333333	0.178333333	0.178333333	0
78	HS	1	0.465	0.178333333	0.178333333	0.178333333	0
79	HS	1	0.465	0.178333333	0.178333333	0.178333333	0
80	HS	1	0.465	0.178333333	0.178333333	0.178333333	0
81	HS	1	0.465	0.178333333	0.178333333	0.178333333	0
82	HS	1	0.465	0.178333333	0.178333333	0.178333333	0
83	HS	1	0.465	0.178333333	0.178333333	0.178333333	0
84	HS	1	0.465	0.178333333	0.178333333	0.178333333	0
85	HS	1	0.465	0.178333333	0.178333333	0.178333333	0
86	HS	1	0.465	0.178333333	0.178333333	0.178333333	0
87	HS	1	0.465	0.178333333	0.178333333	0.178333333	0
88	HS	1	0.465	0.178333333	0.178333333	0.178333333	0
89	HS	1	0.465	0.178333333	0.178333333	0.178333333	0
90	HS	1	0.465	0.178333333	0.178333333	0.178333333	0
91	HS	1	0.465	0.178333333	0.178333333	0.178333333	0
92	HS	1	0.465	0.178333333	0.178333333	0.178333333	0
93	HS	1	0.465	0.178333333	0.178333333	0.178333333	0
94	HS	1	0.465	0.178333333	0.178333333	0.178333333	0
95	HS	1	0.465	0.178333333	0.178333333	0.178333333	0
96	HS	1	0.465	0.178333333	0.178333333	0.178333333	0
97	HS	1	0.465	0.178333333	0.178333333	0.178333333	0
98	HS	1	0.465	0.178333333	0.178333333	0.178333333	0
99	HS	1	0.465	0.178333333	0.178333333	0.178333333	0
100	HS	1	0.465	0.178333333	0.178333333	0.178333333	0
101	HS	1	0.465	0.178333333	0.178333333	0.178333333	0
102	HS	1	0.465	0.178333333	0.178333333	0.178333333	0
103	HS	1	0.465	0.178333333	0.178333333	0.178333333	0
104	HS	1	0.465	0.178333333	0.178333333	0.178333333	0
105	HS	1	0.465	0.178333333	0.178333333	0.178333333	0
106	HS	1	0.465	0.178333333	0.178333333	0.178333333	0
107	HS	1	0.465	0.178333333	0.178333333	0.178333333	0
108	HS	1	0.465	0.178333333	0.178333333	0.178333333	0
109	HS	1	0.465	0.178333333	0.178333333	0.178333333	0
110	HS	1	0.465	0.178333333	0.178333333	0.178333333	0
111	HS	1	0.465	0.178333333	0.178333333	0.178333333	0
112	HS	1	0.465	0.178333333	0.178333333	0.178333333	0
113	HS	1	0.465	0.178333333	0.178333333	0.178333333	0
114	HS	1	0.465	0.178333333	0.178333333	0.178333333	0
115	HS	1	0.465	0.178333333	0.178333333	0.178333333	0
116	HS	1	0.465	0.178333333	0.178333333	0.178333333	0
117	HS	1	0.465	0.178333333	0.178333333	0.178333333	0
118	HS	1	0.465	0.178333333	0.178333333	0.178333333	0
119	HS	1	0.465	0.178333333	0.178333333	0.178333333	0
120	HS	1	0.465	0.178333333	0.178333333	0.178333333	0
121	HS	1	0.465	0.178333333	0.178333333	0.178333333	0
122	HS	1	0.465	0.178333333	0.178333333	0.178333333	0
123	HS	1	0.465	0.178333333	0.178333333	0.178333333	0
124	HS	1	0.465	0.178333333	0.178333333	0.178333333	0
125	HS	1	0.465	0.178333333	0.178333333	0.178333333	0
126	HS	1	0.465	0.178333333	0.178333333	0.178333333	0
127	HS	1	0.465	0.178333333	0.178333333	0.178333333	0
128	HS	1	0.465	0.178333333	0.178333333	0.178333333	0
129	HS	1	0.465	0.178333333	0.178333333	0.178333333	0
130	HS	1	0.465	0.178333333	0.178333333	0.178333333	0
131	HS	1	0.465	0.178333333	0.178333333	0.178333333	0
132	HS	1	0.465	0.178333333	0.178333333	0.178333333	0
133	HS	1	0.465	0.178333333	0.178333333	0.178333333	0
134	HS	1	0.465	0.178333333	0.178333333	0.178333333	0
135	HS	1	0.465	0.178333333	0.178333333	0.178333333	0
136	HS	1	0.465	0.178333333	0.178333333	0.178333333	0
137	HS	1	0.465	0.178333333	0.178333333	0.178333333	0
138	HS	1	0.465	0.178333333	0.178333333	0.178333333	0
139	HS	1	0.465	0.178333333	0.178333333	0.178333333	0
140	HS	1	0.465	0.178333333	0.178333333	0.178333333	0
141	HS	1	0.465	0.178333333	0.178333333	0.178333333	0
142	HS	1	0.465	0.178333333	0.178333333	0.178333333	0
143	HS	1	0.465	0.178333333	0.178333333	0.178333333	0
144	HS	1	0.465	0.178333333	0.178333333	0.178333333	0
145	HS	1	0.465	0.178333333	0.178333333	0.178333333	0
146	HS	1	0.465	0.178333333	0.178333333	0.178333333	0
147	HS	1	0.465	0.178333333	0.178333333	0.178333333	0
148	HS	1	0.465	0.178333333	0.178333333	0.178333333	0
149	HS	1	0.465	0.178333333	0.178333333	0.178333333	0
150	HS	1	0.465	0.178333333	0.178333333	0.178333333	0
151	HS	1	0.465	0.178333333	0.178333333	0.178333333	0
152	HS	1	0.465	0.178333333	0.178333333	0.178333333	0
153	HS	1	0.465	0.178333333	0.178333333	0.178333333	0
154	HS	1	0.465	0.178333333	0.178333333	0.178333333	0
155	HS	1	0.465	0.178333333	0.178333333	0.178333333	0
156	HS	1	0.465	0.178333333	0.178333333	0.178333333	0
157	HS	1	0.465	0.178333333	0.178333333	0.178333333	0
158	HS	1	0.465	0.178333333	0.178333333	0.178333333	0
159	HS	1	0.465	0.178333333	0.178333333	0.178333333	0
160	HS	1	0.465	0.178333333	0.178333333	0.178333333	0
161	HS	1	0.465	0.178333333	0.178333333	0.178333333	0
162	HS	1	0.465	0.178333333	0.178333333	0.178333333	0
163	HS	1	0.465	0.178333333	0.178333333	0.178333333	0
164	HS	1	0.465	0.178333333	0.178333333	0.178333333	0
165	HS	1	0.465	0.178333333	0.178333333	0.178333333	0
166	HS	1	0.465	0.178333333	0.178333333	0.178333333	0
167	HS	1	0.465	0.178333333	0.178333333	0.178333333	0
168	HS	1	0.465	0.178333333	0.178333333	0.178333333	0
169	HS	1	0.465	0.178333333	0.178333333	0.178333333	0
170	HS	1	0.465	0.178333333	0.178333333	0.178333333	0
171	HS	1	0.465	0.178333333	0.178333333	0.178333333	0
172	HS	1	0.465	0.178333333	0.178333333	0.178333333	0
173	HS	1	0.465	0.178333333	0.178333333	0.178333333	0
174	HS	1	0.465	0.178333333	0.178333333	0.178333333	0
175	HS	1	0.465	0.178333333	0.178333333	0.178333333	0
176	HS	1	0.465	0.178333333	0.178333333	0.178333333	0
177	HS	1	0.465	0.178333333	0.178333333	0.178333333	0
178	HS	1	0.465	0.178333333	0.178333333	0.178333333	0
179	HS	1	0.465	0.178333333	0.178333333	0.178333333	0
180	HS	1	0.465	0.178333333	0.178333333	0.178333333	0
181	HS	1	0.465	0.178333333	0.178333333	0.178333333	0
182	HS	1	0.465	0.178333333	0.178333333	0.178333333	0
183	HS	1	0.465	0.178333333	0.178333333	0.178333333	0
184	HS	1	0.465	0.178333333	0.178333333	0.178333333	0
185	HS	1	0.465	0.178333333	0.178333333	0.178333333	0
186	HS	1	0.465	0.178333333	0.178333333	0.178333333	0
187	HS	1	0.465	0.178333333	0.178333333	0.178333333	0
188	HS	1	0.465	0.178333333	0.178333333	0.178333333	0
189	HS	1	0.465	0.178333333	0.178333333	0.178333333	0
190	HS	1	0.465	0.178333333	0.178333333	0.178333333	0
191	HS	1	0.465	0.178333333	0.178333333	0.178333333	0
192	HS	1	0.465	0.178333333	0.178333333	0.178333333	0
193	HS	1	0.465	0.178333333	0.178333333	0.178333333	0
194	HS	1	0.465	0.178333333	0.178333333	0.178333333	0
195	HS	1	0.465	0.178333333	0.178333333	0.178333333	0
196	HS	1	0.465	0.178333333	0.178333333	0.178333333	0
197	HS	1	0.465	0.178333333	0.178333333	0.178333333	0
198	HS	1	0.465	0.178333333	0.178333333	0.178333333	0
199	HS	1	0.465	0.178333333	0.178333333	0.178333333	0
200	HS	1	0.465	0.178333333	0.178333333	0.178333333	0
201	HS	1	0.465	0.178333333	0.178333333	0.178333333	0
202	HS	1	0.465	0.178333333	0.178333333	0.178333333	0
203	HS	1	0.465	0.178333333	0.178333333	0.178333333	0
204	HS	1	0.465	0.178333333	0.178333333	0.178333333	0
205	HS	1	0.465	0.178333333	0.178333333	0.178333333	0
206	HS	1	0.465	0.178333333	0.178333333	0.178333333	0
207	HS	1	0.465	0.178333333	0.178333333	0.178333333	0
208	HS	1	0.465	0.178333333	0.178333333	0.178333333	0
209	HS	1	0.465	0.178333333	0.178333333	0.178333333	0
210	HS	1	0.465	0.178333333	0.178333333	0.178333333	0
211	HS	1	0.465	0.178333333	0.178333333	0.178333333	0
212	HS	1	0.465	0.178333333	0.178333333	0.178333333	0
213	HS	1	0.465	0.178333333	0.178333333	0.178333333	0
214	HS	1	0.465	0.178333333	0.178333333	0.178333333	0
215	HS	1	0.465	0.178333333	0.178333333	0.178333333	0
216	HS	1	0.465	0.178333333	0.178333333	0.178333333	0
217	HS	1	0.465	0.178333333	0.178333333	0.178333333	0
218	HS	1	0.465	0.178333333	0.178333333	0.178333333	0
219	HS	1	0.465	0.178333333	0.178333333	0.178333333	0
220	HS	1	0.465	0.178333333	0.178333333	0.178333333	0
221	HS	1	0.465	0.178333333	0.178333333	0.178333333	0
222	HS	1	0.465	0.178333333	0.178333333	0.178333333	0
223	HS	1	0.465	0.178333333	0.178333333	0.178333333	0
224	HS	1	0.465	0.178333333	0.178333333	0.178333333	0
225	HS	1	0.465	0.178333333	0.178333333	0.178333333	0
226	HS	1	0.465	0.178333333	0.178333333	0.178333333	0
227	HS	1	0.465	0.178333333	0.178333333	0.178333333	0
228	HS	1	0.465	0.178333333	0.178333333	0.178333333	0
229	HS	1	0.465	0.178333333	0.178333333	0.178333333	0
230	HS	1	0.465	0.178333333	0.178333333	0.178333333	0
231	HS	1	0.465	0.178333333	0.178333333	0.178333333	0
232	HS	1	0.465	0.178333333	0.178333333	0.178333333	0
233	HS	1	0.465	0.178333333	0.178333333	0.178333333	0
234	HS	1	0.465	0.178333333	0.178333333	0.178333333	0
235	HS	1	0.465	0.178333333	0.178333333	0.178333333	0
236	HS	1	0.465	0.178333333	0.178333333	0.178333333	0
237	HS	1	0.465	0.178333333	0.178333333	0.178333333	0
238	HS	1	0.465	0.178333333	0.178333333	0.178333333	0
239	HS	1	0.465	0.178333333	0.178333333	0.178333333	0
240	HS	1	0.465	0.178333333	0.178333333	0.178333333	0
241	HS	1	0.465	0.178333333	0.178333333	0.178333333	0
242	HS	1	0.465	0.178333333	0.178333333	0.178333333	0
243	HS	1	0.465	0.178333333	0.178333333	0.178333333	0
244	HS	1	0.465	0.178333333	0.178333333	0.178333333	0
245	HS	1	0.465	0.178333333	0.178333333	0.178333333	0
246	HS	1	0.465	0.178333333	0.178333333	0.178333333	0
247	HS	1	0.465	0.178333333	0.178333333	0.178333333	0
248	HS	1	0.465	0.178333333	0.178333333	0.178333333	0
249	HS	1	0.465	0.178333333	0.178333333	0.178333333	0
250	HS	1	0.465	0.178333333	0.178333333	0.178333333	0
251	HS	1	0.465	0.178333333	0.178333333	0.178333333	0
252	HS	1	0.465	0.178333333	0.178333333	0.178333333	0
253	HS	1	0.465	0.178333333	0.178333333	0.178333333	0
254	HS	1	0.465	0.178333333	0.178333333	0.178333333	0
255	HS	1	0.465	0.178333333	0.178333333	0.178333333	0
256	HS	1	0.465	0.178333333	0.178333333	0.178333333	0
257	HS	1	0.465	0.178333333	0.178333333	0.178333333	0
258	HS	1	0.465	0.178333333	0.178333333	0.178333333	0
259	HS	1	0.465	0.178333333	0.178333333	0.178333333	0
260	HS	1	0.465	0.178333333	0.178333333	0.178333333	0
261	HS	1	0.465	0.178333333	0.178333333	0.178333333	0
262	HS	1	0.465	0.178333333	0.178333333	0.178333333	0
263	HS	1	0.465	0.178333333	0.178333333	0.178333333	0
264	HS	1	0.465	0.178333333	0.178333333	0.178333333	0
265	HS	1	0.465	0.178333333	0.178333333	0.178333333	0
266	HS	1	0.465	0.178333333	0.178333333	0.178333333	0
267	HS	1	0.465	0.178333333	0.178333333	0.178333333	0
268	HS	1	0.465	0.178333333	0.178333333	0.178333333	0
269	HS	1	0.465	0.178333333	0.178333333	0.178333333	0
270	HS	1	0.465	0.178333333	0.178333333	0.178333333	0
271	HS	1	0.465	0.178333333	0.178333333	0.178333333	0
272	HS	1	0.465	0.178333333	0.178333333	0.178333333	0
273	HS	1	0.465	0.178333333	0.178333333	0.178333333	0
274	HS	1	0.465	0.178333333	0.178333333	0.178333333	0
275	HS	1	0.465	0.178333333	0.178333333	0.178333333	0
276	HS	1	0.465	0.178333333	0.178333333	0.178333333	0
277	HS	1	0.465	0.178333333	0.178333333	0.178333333	0
278	HS	1	0.465	0.178333333	0.178333333	0.178333333	0
279	HS	1	0.465	0.178333333	0.178333333	0.178333333	0
280	HS	1	0.465	0.178333333	0.178333333	0.178333333	0
281	HS	1	0.465	0.178333333	0.178333333	0.178333333	0
282	HS	1	0.465	0.178333333	0.178333333	0.178333333	0
283	HS	1	0.465	0.178333333	0.178333333	0.178333333	0
284	HS	1	0.465	0.178333333	0.178333333	0.178333333	0
285	HS	1	0.465	0.178333333	0.178333333	0.178333333	0
286	HS	1	0.465	0.178333333	0.178333333	0.178333333	0
287	HS	1	0.465	0.178333333	0.178333333	0.178333333	0
288	HS	1	0.465	0.178333333	0.178333333	0.178333333	0
289	HS	1	0.465	0.178333333	0.178333333	0.178333333	0
290	HS	1	0.465	0.178333333	0.178333333	0.178333333	0
291	HS	1	0.465	0.178333333	0.178333333	0.178333333	0
292	HS	1	0.465	0.178333333	0.178333333	0.178333333	0
293	HS	1	0.465	0.178333333	0.178333333	0.178333333	0
294	HS	1	0.465	0.178333333	0.178333333	0.178333333	0
295	HS	1	0.465	0.178333333	0.178333333	0.178333333	0
296	HS	1	0.465	0.178333333	0.178333333	0.178333333	0
297	HS	1	0.465	0.178333333	0.178333333	0.178333333	0
298	HS	1	0.465	0.178333333	0.178333333	0.178333333	0
299	HS	1	0.465	0.178333333	0.178333333	0.178333333	0
300	HS	1	0.465	0.178333333	0.178333333	0.178333333	0
301	HS	1	0.465	0.178333333	0.178333333	0.178333333	0
302	HS	1	0.465	0.178333333	0.178333333	0.178333333	0
303	HS	1	0.465	0.178333333	0.178333333	0.178333333	0
304	HS	1	0.465	0.178333333	0.178333333	0.178333333	0
305	HS	1	0.465	0.178333333	0.178333333	0.178333333	0
306	HS	1	0.465	0.178333333	0.178333333	0.178333333	0
307	HS	1	0.465	0.178333333	0.178333333	0.178333333	0
308	HS	1	0.465	0.178333333	0.178333333	0.178333333	0
309	HS	1	0.465	0.178333333	0.178333333	0.178333333	0
310	HS	1	0.465	0.178333333	0.178333333	0.178333333	0
311	HS	1	0.465	0.178333333	0.178333333	0.178333333	0
312	HS	1	0.465	0.178333333	0.178333333	0.178333333	0
313	HS	1	0.465	0.178333333	0.178333333	0.178333333	0
314	HS	1	0.465	0.178333333	0.178333333	0.178333333	0
315	HS	1	0.465	0.178333333	0.178333333	0.178333333	0
316	HS	1	0.465	0.178333333	0.178333333	0.178333333	0
317	HS	1	0.465	0.178333333	0.178333333	0.178333333	0
318	HS	1	0.465	0.178333333	0.178333333	0.178333333	0
319	HS	1	0.465	0.178333333	0.178333333	0.178333333	0
320	HS	1	0.465	0.178333333	0.178333333	0.178333333	0
321	HS	1	0.465	0.178333333	0.178333333	0.178333333	0
322	HS	1	0.465	0.178333333	0.178333333	0.178333333	0
323	HS	1	0.465	0.178333333	0.178333333	0.178333333	0
324	HS	1	0.465	0.178333333	0.178333333	0.178333333	0
325	HS	1	0.465	0.178333333	0.178333333	0.178333333	0
326	HS	1	0.465	0.178333333	0.178333333	0.178333333	0
327	HS	1	0.465	0.178333333	0.178333333	0.178333333	0
328	HS	1	0.465	0.178333333	0.178333333	0.178333333	0
329	HS	1	0.465	0.178333333	0.178333333	0.178333333	0
330	HS	1	0.465	0.178333333	0.178333333	0.178333333	0
331	HS	1	0.465	0.178333333	0.178333333	0.178333333	0
332	HS	1	0.465	0.178333333	0.178333333	0.178333333	0
333	HS	1	0.465	0.178333333	0.178333333	0.178333333	0
334	HS	1	0.465	0.178333333	0.178333333	0.178333333	0
335	HS	1	0.465	0.178333333	0.178333333	0.178333333	0
336	HS	1	0.465	0.178333333	0.178333333	0.178333333	0
337	HS	1	0.465	0.178333333	0.178333333	0.178333333	0
338	HS	1	0.465	0.178333333	0.178333333	0.178333333	0
339	HS	1	0.465	0.178333333	0.178333333	0.178333333	0
340	HS	1	0.465	0.178333333	0.178333333	0.178333333	0
341	HS	1	0.465	0.178333333	0.178333333	0.178333333	0
342	HS	1	0.465	0.178333333	0.178333333	0.178333333	0
343	HS	1	0.465	0.178333333	0.178333333	0.178333333	0
344	HS	1	0.465	0.178333333	0.178333333	0.178333333	0
345	HS	1	0.465	0.178333333	0.178333333	0.178333333	0
346	HS	1	0.465	0.178333333	0.178333333	0.178333333	0
347	HS	1	0.465	0.178333333	0.178333333	0.178333333	0
348	HS	1	0.465	0.178333333	0.178333333	0.178333333	0
349	HS	1	0.465	0.178333333	0.178333333	0.178333333	0
350	HS	1	0.465	0.178333333	0.178333333	0.178333333	0
351	HS	1	0.465	0.178333333	0.178333333	0.178333333	0
352	HS	1	0.465	0.178333333	0.178333333	0.178333333	0
353	HS	1	0.465	0.178333333	0.178333333	0.178333333	0
354	HS	1	0.465	0.178333333	0.178333333	0.178333333	0
355	HS	1	0.465	0.178333333	0.178333333	0.178333333	0
356	HS	1	0.465	0.178333333	0.178333333	0.178333333	0
357	HS	1	0.465	0.178333333	0.178333333	0.178333333	0
358	HS	1	0.465	0.178333333	0.178333333	0.178333333	0
359	HS	1	0.465	0.178333333	0.178333333	0.178333333	0
360	HS	1	0.465	0.178333333	0.178333333	0.178333333	0
361	HS	1	0.465	0.178333333	0.178333333	0.178333333	0
362	HS	1	0.465	0.178333333	0.178333333	0.178333333	0
363	HS	1	0.465	0.178333333	0.178333333	0.178333333	0
364	HS	1	0.465	0.178333333	0.178333333	0.178333333	0
365	HS	1	0.465	0.178333333	0.178333333	0.178333333	0
1	SSL	2	0.465	0.13375	0.13375	0.13375	0.13375
2	SSL	2	0.465	0.13375	0.13375	0.13375	0.13375
3	SSL	2	0.465	0.13375	0.13375	0.13375	0.13375
4	SSL	2	0.465	0.13375	0.13375	0.13375	0.13375
5	SSL	2	0.465	0.13375	0.13375	0.13375	0.13375
6	SSL	2	0.465	0.13375	0.13375	0.13375	0.13375
7	SSL	2	0.465	0.13375	0.13375	0.13375	0.13375
8	SSL	2	0.465	0.13375	0.13375	0.13375	0.13375
9	SSL	2	0.465	0.13375	0.13375	0.13375	0.13375
10	SSL	2	0.465	0.13375	0.13375	0.13375	0.13375
11	SSL	2	0.465	0.13375	0.13375	0.13375	0.13375
12	SSL	2	0.465	0.13375	0.13375	0.13375	0.13375
13	SSL	2	0.465	0.13375	0.13375	0.13375	0.13375
14	SSL	2	0.465	0.13375	0.13375	0.13375	0.13375
15	SSL	2	0.465	0.13375	0.13375	0.13375	0.13375
16	SSL	2	0.465	0.13375	0.13375	0.13375	0.13375
17	SSL	2	0.465	0.13375	0.13375	0.13375	0.13375
18	SSL	2	0.465	0.13375	0.13375	0.13375	0.13375
19	SSL	2	0.465	0.13375	0.13375	0.13375	0.13375
20	SSL	2	0.465	0.13375	0.13375	0.13375	0.13375
21	SSL	2	0.465	0.13375	0.13375	0.13375	0.13375
22	SSL	2	0.465	0.13375	0.13375	0.13375	0.13375
23	SSL	2	0.465	0.13375	0.13375	0.13375	0.13375
24	SSL	2	0.465	0.13375	0.13375	0.13375	0.13375
25	SSL	2	0.465	0.13375	0.13375	0.13375	0.13375
26	SSL	2	0.465	0.13375	0.13375	0.13375	0.13375
27	SSL	2	0.465	0.13375	0.13375	0.13375	0.13375
28	SSL	2	0.465	0.13375	0.13375	0.13375	0.13375
29	SSL	2	0.465	0.13375	0.13375	0.13375	0.13375
30	SSL	2	0.465	0.13375	0.13375	0.13375	0.13375
31	SSL	2	0.465	0.13375	0.13375	0.13375	0.13375
32	SSL	2	0.465	0.13375	0.13375	0.13375	0.13375
33	SSL	2	0.465	0.13375	0.13375	0.13375	0.13375
34	SSL	2	0.465	0.13375	0.13375	0.13375	0.13375
35	SSL	2	0.465	0.13375	0.13375	0.13375	0.13375
36	SSL	2	0.465	0.13375	0.13375	0.13375	0.13375
37	SSL	2	0.465	0.13375	0.13375	0.13375	0.13375
38	SSL	2	0.465	0.13375	0.13375	0.13375	0.13375
39	SSL	2	0.465	0.13375	0.13375	0.13375	0.13375
40	SSL	2	0.465	0.13375	0.13375	0.13375	0.13375
41	SSL	2	0.465	0.13375	0.13375	0.13375	0.13375
42	SSL	2	0.465	0.13375	0.13375	0.13375	0.13375
43	SSL	2	0.465	0.13375	0.13375	0.13375	0.13375
44	SSL	2	0.465	0.13375	0.13375	0.13375	0.13375
45	SSL	2	0.465	0.13375	0.13375	0.13375	0.13375
46	SSL	2	0.465	0.13375	0.13375	0.13375	0.13375
47	SSL	2	0.465	0.13375	0.13375	0.13375	0.13375
48	SSL	2	0.465	0.13375	0.13375	0.13375	0.13375
49	SSL	2	0.465	0.13375	0.13375	0.13375	0.13375
50	SSL	2	0.465	0.13375	0.13375	0.13375	0.13375
51	SSL	2	0.465	0.13375	0.13375	0.13375	0.13375
52	SSL	2	0.465	0.13375	0.13375	0.13375	0.13375
53	SSL	2	0.465	0.13375	0.13375	0.13375	0.13375
54	SSL	2	0.465	0.13375	0.13375	0.13375	0.13375
55	SSL	2	0.465	0.13375	0.13375	0.13375	0.13375
56	SSL	2	0.465	0.13375	0.13375	0.13375	0.13375
57	SSL	2	0.465	0.13375	0.13375	0.13375	0.13375
58	SSL	2	0.465	0.13375	0.13375	0.13375	0.13375
59	SSL	2	0.465	0.13375	0.13375	0.13375	0.13375
60	SSL	2	0.465	0.13375	0.13375	0.13375	0.13375
61	SSL	2	0.465	0.13375	0.13375	0.13375	0.13375
62	SSL	2	0.465	0.13375	0.13375	0.13375	0.13375
63	SSL	2	0.465	0.13375	0.13375	0.13375	0.13375
64	SSL	2	0.465	0.13375	0.13375	0.13375	0.13375
65	SSL	2	0.465	0.13375	0.13375	0.13375	0.13375
66	SSL	2	0.465	0.13375	0.13375	0.13375	0.13375
67	SSL	2	0.465	0.13375	0.13375	0.13375	0.13375
68	SSL	2	0.465	0.13375	0.13375	0.13375	0.13375
69	SSL	2	0.465	0.13375	0.13375	0.13375	0.13375
70	SSL	2	0.465	0.13375	0.13375	0.13375	0.13375
71	SSL	2	0.465	0.13375	0.13375	0.13375	0.13375
72	SSL	2	0.465	0.13375	0.13375	0.13375	0.13375
73	SSL	2	0.465	0.13375	0.13375	0.13375	0.13375
74	SSL	2	0.465	0.13375	0.13375	0.13375	0.13375
75	SSL	2	0.465	0.13375	0.13375	0.13375	0.13375
76	SSL	2	0.465	0.13375	0.13375	0.13375	0.13375
77	SSL	2	0.465	0.13375	0.13375	0.13375	0.13375
78	SSL	2	0.465	0.13375	0.13375	0.13375	0.13375
79	SSL	2	0.465	0.13375	0.13375	0.13375	0.13375
80	SSL	2	0.465	0.13375	0.13375	0.13375	0.13375
81	SSL	2	0.465	0.13375	0.13375	0.13375	0.13375
82	SSL	2	0.465	0.13375	0.13375	0.13375	0.13375
83	SSL	2	0.465	0.13375	0.13375	0.13375	0.13375
84	SSL	2	0.465	0.13375	0.13375	0.13375	0.13375
85	SSL	2	0.465	0.13375	0.13375	0.13375	0.13375
86	SSL	2	0.465	0.13375	0.13375	0.13375	0.13375
87	SSL	2	0.465	0.13375	0.13375	0.13375	0.13375
88	SSL	2	0.465	0.13375	0.13375	0.13375	0.13375
89	SSL	2	0.465	0.13375	0.13375	0.13375	0.13375
90	SSL	2	0.465	0.13375	0.13375	0.13375	0.13375
91	SSL	2	0.465	0.13375	0.13375	0.13375	0.13375
92	SSL	2	0.465	0.13375	0.13375	0.13375	0.13375
93	SSL	2	0.465	0.13375	0.13375	0.13375	0.13375
94	SSL	2	0.465	0.13375	0.13375	0.13375	0.13375
95	SSL	2	0.465	0.13375	0.13375	0.13375	0.13375
96	SSL	2	0.465	0.13375	0.13375	0.13375	0.13375
97	SSL	2	0.465	0.13375	0.13375	0.13375	0.13375
98	SSL	2	0.465	0.13375	0.13375	0.13375	0.13375
99	SSL	2	0.465	0.13375	0.13375	0.13375	0.13375
100	SSL	2	0.465	0.13375	0.13375	0.13375	0.13375
101	SSL	2	0.465	0.13375	0.13375	0.13375	0.13375
102	SSL	2	0.465	0.13375	0.13375	0.13375	0.13375
103	SSL	2	0.465	0.13375	0.13375	0.13375	0.13375
104	SSL	2	0.465	0.13375	0.13375	0.13375	0.13375
105	SSL	2	0.465	0.13375	0.13375	0.13375	0.13375
106	SSL	2	0.465	0.13375	0.13375	0.13375	0.13375
107	SSL	2	0.465	0.13375	0.13375	0.13375	0.13375
108	SSL	2	0.465	0.13375	0.13375	0.13375	0.13375
109	SSL	2	0.465	0.13375	0.13375	0.13375	0.13375
110	SSL	2	0.465	0.13375	0.13375	0.13375	0.13375
111	SSL	2	0.465	0.13375	0.13375	0.13375	0.13375
112	SSL	2	0.465	0.13375	0.13375	0.13375	0.13375
113	SSL	2	0.465	0.13375	0.13375	0.13375	0.13375
114	SSL	2	0.465	0.13375	0.13375	0.13375	0.13375
115	SSL	2	0.465	0.13375	0.13375	0.13375	0.13375
116	SSL	2	0.465	0.13375	0.13375	0.13375	0.13375
117	SSL	2	0.465	0.13375	0.13375	0.13375	0.13375
118	SSL	2	0.465	0.13375	0.13375	0.13375	0.13375
119	SSL	2	0.465	0.13375	0.13375	0.13375	0.13375
120	SSL	2	0.465	0.13375	0.13375	0.13375	0.13375
121	SSL	2	0.465	0.13375	0.13375	0.13375	0.13375
122	SSL	2	0.465	0.13375	0.13375	0.13375	0.13375
123	SSL	2	0.465	0.13375	0.13375	0.13375	0.13375
124	SSL	2	0.465	0.13375	0.13375	0.13375	0.13375
125	SSL	2	0.465	0.13375	0.13375	0.13375	0.13375
126	SSL	2	0.465	0.13375	0.13375	0.13375	0.13375
127	SSL	2	0.465	0.13375	0.13375	0.13375	0.13375
128	SSL	2	0.465	0.13375	0.13375	0.13375	0.13375
129	SSL	2	0.465	0.13375	0.13375	0.13375	0.13375
130	SSL	2	0.465	0.13375	0.13375	0.13375	0.13375
131	SSL	2	0.465	0.13375	0.13375	0.13375	0.13375
132	SSL	2	0.465	0.13375	0.13375	0.13375	0.13375
133	SSL	2	0.465	0.13375	0.13375	0.13375	0.13375
134	SSL	2	0.465	0.13375	0.13375	0.13375	0.13375
135	SSL	2	0.465	0.13375	0.13375	0.13375	0.13375
136	SSL	2	0.465	0.13375	0.13375	0.13375	0.13375
137	SSL	2	0.465	0.13375	0.13375	0.13375	0.13375
138	SSL	2	0.465	0.13375	0.13375	0.13375	0.13375
139	SSL	2	0.465	0.13375	0.13375	0.13375	0.13375
140	SSL	2	0.465	0.13375	0.13375	0.13375	0.13375
141	SSL	2	0.465	0.13375	0.13375	0.13375	0.13375
142	SSL	2	0.465	0.13375	0.13375	0.13375	0.13375
143	SSL	2	0.465	0.13375	0.13375	0.13375	0.13375
144	SSL	2	0.465	0.13375	0.13375	0.13375	0.13375
145	SSL	2	0.465	0.13375	0.13375	0.13375	0.13375
146	SSL	2	0.465	0.13375	0.13375	0.13375	0.13375
147	SSL	2	0.465	0.13375	0.13375	0.13375	0.13375
148	SSL	2	0.465	0.13375	0.13375	0.13375	0.13375
149	SSL	2	0.465	0.13375	0.13375	0.13375	0.13375
150	SSL	2	0.465	0.13375	0.13375	0.13375	0.13375
151	SSL	2	0.465	0.13375	0.13375	0.13375	0.13375
152	SSL	2	0.465	0.13375	0.13375	0.13375	0.13375
153	SSL	2	0.465	0.13375	0.13375	0.13375	0.13375
154	SSL	2	0.465	0.13375	0.13375	0.13375	0.13375
155	SSL	2	0.465	0.13375	0.13375	0.13375	0.13375
156	SSL	2	0.465	0.13375	0.13375	0.13375	0.13375
157	SSL	2	0.465	0.13375	0.13375	0.13375	0.13375
158	SSL	2	0.465	0.13375	0.13375	0.13375	0.13375
159	SSL	2	0.465	0.13375	0.13375	0.13375	0.13375
160	SSL	2	0.465	0.13375	0.13375	0.13375	0.13375
161	SSL	2	0.465	0.13375	0.13375	0.13375	0.13375
162	SSL	2	0.465	0.13375	0.13375	0.13375	0.13375
163	SSL	2	0.465	0.13375	0.13375	0.13375	0.13375
164	SSL	2	0.465	0.13375	0.13375	0.13375	0.13375
165	SSL	2	0.465	0.13375	0.13375	0.13375	0.13375
166	SSL	2	0.465	0.13375	0.13375	0.13375	0.13375
167	SSL	2	0.465	0.13375	0.13375	0.13375	0.13375
168	SSL	2	0.465	0.13375	0.13375	0.13375	0.13375
169	SSL	2	0.465	0.13375	0.13375	0.13375	0.13375
170	SSL	2	0.465	0.13375	0.13375	0.13375	0.13375
171	SSL	2	0.465	0.13375	0.13375	0.13375	0.13375
172	SSL	2	0.465	0.13375	0.13375	0.13375	0.13375
173	SSL	2	0.465	0.13375	0.13375	0.13375	0.13375
174	SSL	2	0.465	0.13375	0.13375	0.13375	0.13375
175	SSL	2	0.465	0.13375	0.13375	0.13375	0.13375
176	SSL	2	0.465	0.13375	0.13375	0.13375	0.13375
177	SSL	2	0.465	0.13375	0.13375	0.13375	0.13375
178	SSL	2	0.465	0.13375	0.13375	0.13375	0.13375
179	SSL	2	0.465	0.13375	0.13375	0.13375	0.13375
180	SSL	2	0.465	0.13375	0.13375	0.13375	0.13375
181	SSL	2	0.465	0.13375	0.13375	0.13375	0.13375
182	SSL	2	0.465	0.13375	0.13375	0.13375	0.13375
183	SSL	2	0.465	0.13375	0.13375	0.13375	0.13375
184	SSL	2	0.465	0.13375	0.13375	0.13375	0.13375
185	SSL	2	0.465	0.13375	0.13375	0.13375	0.13375
186	SSL	2	0.465	0.13375	0.13375	0.13375	0.13375
187	SSL	2	0.465	0.13375	0.13375	0.13375	0.13375
188	SSL	2	0.465	0.13375	0.13375	0.13375	0.13375
189	SSL	2	0.465	0.13375	0.13375	0.13375	0.13375
190	SSL	2	0.465	0.13375	0.13375	0.13375	0.13375
191	SSL	2	0.465	0.13375	0.13375	0.13375	0.13375
192	SSL	2	0.465	0.13375	0.13375	0.13375	0.13375
193	SSL	2	0.465	0.13375	0.13375	0.13375	0.13375
194	SSL	2	0.465	0.13375	0.13375	0.13375	0.13375
195	SSL	2	0.465	0.13375	0.13375	0.13375	0.13375
196	SSL	2	0.465	0.13375	0.13375	0.13375	0.13375
197	SSL	2	0.465	0.13375	0.13375	0.13375	0.13375
198	SSL	2	0.465	0.13375	0.13375	0.13375	0.13375
199	SSL	2	0.465	0.13375	0.13375	0.13375	0.13375
200	SSL	2	0.465	0.13375	0.13375	0.13375	0.13375
201	SSL	2	0.465	0.13375	0.13375	0.13375	0.13375
202	SSL	2	0.465	0.13375	0.13375	0.13375	0.13375
203	SSL	2	0.465	0.13375	0.13375	0.13375	0.13375
204	SSL	2	0.465	0.13375	0.13375	0.13375	0.13375
205	SSL	2	0.465	0.13375	0.13375	0.13375	0.13375
206	SSL	2	0.465	0.13375	0.13375	0.13375	0.13375
207	SSL	2	0.465	0.13375	0.13375	0.13375	0.13375
208	SSL	2	0.465	0.13375	0.13375	0.13375	0.13375
209	SSL	2	0.465	0.13375	0.13375	0.13375	0.13375
210	SSL	2	0.465	0.13375	0.13375	0.13375	0.13375
211	SSL	2	0.465	0.13375	0.13375	0.13375	0.13375
212	SSL	2	0.465	0.13375	0.13375	0.13375	0.13375
213	SSL	2	0.465	0.13375	0.13375	0.13375	0.13375
214	SSL	2	0.465	0.13375	0.13375	0.13375	0.13375
215	SSL	2	0.465	0.13375	0.13375	0.13375	0.13375
216	SSL	2	0.465	0.13375	0.13375	0.13375	0.13375
217	SSL	2	0.465	0.13375	0.13375	0.13375	0.13375
218	SSL	2	0.465	0.13375	0.13375	0.13375	0.13375
219	SSL	2	0.465	0.13375	0.13375	0.13375	0.13375
220	SSL	2	0.465	0.13375	0.13375	0.13375	0.13375
221	SSL	2	0.465	0.13375	0.13375	0.13375	0.13375
222	SSL	2	0.465	0.13375	0.13375	0.13375	0.13375
223	SSL	2	0.465	0.13375	0.13375	0.13375	0.13375
224	SSL	2	0.465	0.13375	0.13375	0.13375	0.13375
225	SSL	2	0.465	0.13375	0.13375	0.13375	0.13375
226	SSL	2	0.465	0.13375	0.13375	0.13375	0.13375
227	SSL	2	0.465	0.13375	0.13375	0.13375	0.13375
228	SSL	2	0.465	0.13375	0.13375	0.13375	0.13375
229	SSL	2	0.465	0.13375	0.13375	0.13375	0.13375
230	SSL	2	0.465	0.13375	0.13375	0.13375	0.13375
231	SSL	2	0.465	0.13375	0.13375	0.13375	0.13375
232	SSL	2	0.465	0.13375	0.13375	0.13375	0.13375
233	SSL	2	0.465	0.13375	0.13375	0.13375	0.13375
234	SSL	2	0.465	0.13375	0.13375	0.13375	0.13375
235	SSL	2	0.465	0.13375	0.13375	0.13375	0.13375
236	SSL	2	0.465	0.13375	0.13375	0.13375	0.13375
237	SSL	2	0.465	0.13375	0.13375	0.13375	0.13375
238	SSL	2	0.465	0.13375	0.13375	0.13375	0.13375
239	SSL	2	0.465	0.13375	0.13375	0.13375	0.13375
240	SSL	2	0.465	0.13375	0.13375	0.13375	0.13375
241	SSL	2	0.465	0.13375	0.13375	0.13375	0.13375
242	SSL	2	0.465	0.13375	0.13375	0.13375	0.13375
243	SSL	2	0.465	0.13375	0.13375	0.13375	0.13375
244	SSL	2	0.465	0.13375	0.13375	0.13375	0.13375
245	SSL	2	0.465	0.13375	0.13375	0.13375	0.13375
246	SSL	2	0.465	0.13375	0.13375	0.13375	0.13375
247	SSL	2	0.465	0.13375	0.13375	0.13375	0.13375
248	SSL	2	0.465	0.13375	0.13375	0.13375	0.13375
249	SSL	2	0.465	0.13375	0.13375	0.13375	0.13375
250	SSL	2	0.465	0.13375	0.13375	0.13375	0.13375
251	SSL	2	0.465	0.13375	0.13375	0.13375	0.13375
252	SSL	2	0.465	0.13375	0.13375	0.13375	0.13375
253	SSL	2	0.465	0.13375	0.13375	0.13375	0.13375
254	SSL	2	0.465	0.13375	0.13375	0.13375	0.13375
255	SSL	2	0.465	0.13375	0.13375	0.13375	0.13375
256	SSL	2	0.465	0.13375	0.13375	0.13375	0.13375
257	SSL	2	0.465	0.13375	0.13375	0.13375	0.13375
258	SSL	2	0.465	0.13375	0.13375	0.13375	0.13375
259	SSL	2	0.465	0.13375	0.13375	0.13375	0.13375
260	SSL	2	0.465	0.13375	0.13375	0.13375	0.13375
261	SSL	2	0.465	0.13375	0.13375	0.13375	0.13375
262	SSL	2	0.465	0.13375	0.13375	0.13375	0.13375
263	SSL	2	0.465	0.13375	0.13375	0.13375	0.13375
264	SSL	2	0.465	0.13375	0.13375	0.13375	0.13375
265	SSL	2	0.465	0.13375	0.13375	0.13375	0.13375
266	SSL	2	0.465	0.13375	0.13375	0.13375	0.13375
267	SSL	2	0.465	0.13375	0.13375	0.13375	0.13375
268	SSL	2	0.465	0.13375	0.13375	0.13375	0.13375
269	SSL	2	0.465	0.13375	0.13375	0.13375	0.13375
270	SSL	2	0.465	0.13375	0.13375	0.13375	0.13375
271	SSL	2	0.465	0.13375	0.13375	0.13375	0.13375
272	SSL	2	0.465	0.13375	0.13375	0.13375	0.13375
273	SSL	2	0.465	0.13375	0.13375	0.13375	0.13375
274	SSL	2	0.465	0.13375	0.13375	0.13375	0.13375
275	SSL	2	0.465	0.13375	0.13375	0.13375	0.13375
276	SSL	2	0.465	0.13375	0.13375	0.13375	0.13375
277	SSL	2	0.465	0.13375	0.13375	0.13375	0.13375
278	SSL	2	0.465	0.13375	0.13375	0.13375	0.13375
279	SSL	2	0.465	0.13375	0.13375	0.13375	0.13375
280	SSL	2	0.465	0.13375	0.13375	0.13375	0.13375
281	SSL	2	0.465	0.13375	0.13375	0.13375	0.13375
282	SSL	2	0.465	0.13375	0.13375	0.13375	0.13375
283	SSL	2	0.465	0.13375	0.13375	0.13375	0.13375
284	SSL	2	0.465	0.13375	0.13375	0.13375	0.13375
285	SSL	2	0.465	0.13375	0.13375	0.13375	0.13375
286	SSL	2	0.465	0.13375	0.13375	0.13375	0.13375
287	SSL	2	0.465	0.13375	0.13375	0.13375	0.13375
288	SSL	2	0.465	0.13375	0.13375	0.13375	0.13375
289	SSL	2	0.465	0.13375	0.13375	0.13375	0.13375
290	SSL	2	0.465	0.13375	0.13375	0.13375	0.13375
291	SSL	2	0.465	0.13375	0.13375	0.13375	0.13375
292	SSL	2	0.465	0.13375	0.13375	0.13375	0.13375
293	SSL	2	0.465	0.13375	0.13375	0.13375	0.13375
294	SSL	2	0.465	0.13375	0.13375	0.13375	0.13375
295	SSL	2	0.465	0.13375	0.13375	0.13375	0.13375
296	SSL	2	0.465	0.13375	0.13375	0.13375	0.13375
297	SSL	2	0.465	0.13375	0.13375	0.13375	0.13375
298	SSL	2	0.465	0.13375	0.13375	0.13375	0.13375
299	SSL	2	0.465	0.13375	0.13375	0.13375	0.13375
300	SSL	2	0.465	0.13375	0.13375	0.13375	0.13375
301	SSL	2	0.465	0.13375	0.13375	0.13375	0.13375
302	SSL	2	0.465	0.13375	0.13375	0.13375	0.13375
303	SSL	2	0.465	0.13375	0.13375	0.13375	0.13375
304	SSL	2	0.465	0.13375	0.13375	0.13375	0.13375
305	SSL	2	0.465	0.13375	0.13375	0.13375	0.13375
306	SSL	2	0.465	0.13375	0.13375	0.13375	0.13375
307	SSL	2	0.465	0.13375	0.13375	0.13375	0.13375
308	SSL	2	0.465	0.13375	0.13375	0.13375	0.13375
309	SSL	2	0.465	0.13375	0.13375	0.13375	0.13375
310	SSL	2	0.465	0.13375	0.13375	0.13375	0.13375
311	SSL	2	0.465	0.13375	0.13375	0.13375	0.13375
312	SSL	2	0.465	0.13375	0.13375	0.13375	0.13375
313	SSL	2	0.465	0.13375	0.13375	0.13375	0.13375
314	SSL	2	0.465	0.13375	0.13375	0.13375	0.13375
315	SSL	2	0.465	0.13375	0.13375	0.13375	0.13375
316	SSL	2	0.465	0.13375	0.13375	0.13375	0.13375
317	SSL	2	0.465	0.13375	0.13375	0.13375	0.13375
318	SSL	2	0.465	0.13375	0.13375	0.13375	0.13375
319	SSL	2	0.465	0.13375	0.13375	0.13375	0.13375
320	SSL	2	0.465	0.13375	0.13375	0.13375	0.13375
321	SSL	2	0.465	0.13375	0.13375	0.13375	0.13375
322	SSL	2	0.465	0.13375	0.13375	0.13375	0.13375
323	SSL	2	0.465	0.13375	0.13375	0.13375	0.13375
324	SSL	2	0.465	0.13375	0.13375	0.13375	0.13375
325	SSL	2	0.465	0.13375	0.13375	0.13375	0.13375
326	SSL	2	0.465	0.13375	0.13375	0.13375	0.13375
327	SSL	2	0.465	0.13375	0.13375	0.13375	0.13375
328	SSL	2	0.465	0.13375	0.13375	0.13375	0.13375
329	SSL	2	0.465	0.13375	0.13375	0.13375	0.13375
330	SSL	2	0.465	0.13375	0.13375	0.13375	0.13375
331	SSL	2	0.465	0.13375	0.13375	0.13375	0.13375
332	SSL	2	0.465	0.13375	0.13375	0.13375	0.13375
333	SSL	2	0.465	0.13375	0.13375	0.13375	0.13375
334	SSL	2	0.465	0.13375	0.13375	0.13375	0.13375
335	SSL	2	0.465	0.13375	0.13375	0.13375	0.13375
336	SSL	2	0.465	0.13375	0.13375	0.13375	0.13375
337	SSL	2	0.465	0.13375	0.13375	0.13375	0.13375
338	SSL	2	0.465	0.13375	0.13375	0.13375	0.13375
339	SSL	2	0.465	0.13375	0.13375	0.13375	0.13375
340	SSL	2	0.465	0.13375	0.13375	0.13375	0.13375
341	SSL	2	0.465	0.13375	0.13375	0.13375	0.13375
342	SSL	2	0.465	0.13375	0.13375	0.13375	0.13375
343	SSL	2	0.465	0.13375	0.13375	0.13375	0.13375
344	SSL	2	0.465	0.13375	0.13375	0.13375	0.13375
345	SSL	2	0.465	0.13375	0.13375	0.13375	0.13375
346	SSL	2	0.465	0.13375	0.13375	0.13375	0.13375
347	SSL	2	0.465	0.13375	0.13375	0.13375	0.13375
348	SSL	2	0.465	0.13375	0.13375	0.13375	0.13375
349	SSL	2	0.465	0.13375	0.13375	0.13375	0.13375
350	SSL	2	0.465	0.13375	0.13375	0.13375	0.13375
351	SSL	2	0.465	0.13375	0.13375	0.13375	0.13375
352	SSL	2	0.465	0.13375	0.13375	0.13375	0.13375
353	SSL	2	0.465	0.13375	0.13375	0.13375	0.13375
354	SSL	2	0.465	0.13375	0.13375	0.13375	0.13375
355	SSL	2	0.465	0.13375	0.13375	0.13375	0.13375
356	SSL	2	0.465	0.13375	0.13375	0.13375	0.13375
357	SSL	2	0.465	0.13375	0.13375	0.13375	0.13375
358	SSL	2	0.465	0.13375	0.13375	0.13375	0.13375
359	SSL	2	0.465	0.13375	0.13375	0.13375	0.13375
360	SSL	2	0.465	0.13375	0.13375	0.13375	0.13375
361	SSL	2	0.465	0.13375	0.13375	0.13375	0.13375
362	SSL	2	0.465	0.13375	0.13375	0.13375	0.13375
363	SSL	2	0.465	0.13375	0.13375	0.13375	0.13375
364	SSL	2	0.465	0.13375	0.13375	0.13375	0.13375
365	SSL	2	0.465	0.13375	0.13375	0.13375	0.13375
1	CSL	3	0.24	0.19	0.19	0.19	0.19
2	CSL	3	0.24	0.19	0.19	0.19	0.19
3	CSL	3	0.24	0.19	0.19	0.19	0.19
4	CSL	3	0.24	0.19	0.19	0.19	0.19
5	CSL	3	0.24	0.19	0.19	0.19	0.19
6	CSL	3	0.24	0.19	0.19	0.19	0.19
7	CSL	3	0.24	0.19	0.19	0.19	0.19
8	CSL	3	0.24	0.19	0.19	0.19	0.19
9	CSL	3	0.24	0.19	0.19	0.19	0.19
10	CSL	3	0.24	0.19	0.19	0.19	0.19
11	CSL	3	0.24	0.19	0.19	0.19	0.19
12	CSL	3	0.24	0.19	0.19	0.19	0.19
13	CSL	3	0.24	0.19	0.19	0.19	0.19
14	CSL	3	0.24	0.19	0.19	0.19	0.19
15	CSL	3	0.24	0.19	0.19	0.19	0.19
16	CSL	3	0.24	0.19	0.19	0.19	0.19
17	CSL	3	0.24	0.19	0.19	0.19	0.19
18	CSL	3	0.24	0.19	0.19	0.19	0.19
19	CSL	3	0.24	0.19	0.19	0.19	0.19
20	CSL	3	0.24	0.19	0.19	0.19	0.19
21	CSL	3	0.24	0.19	0.19	0.19	0.19
22	CSL	3	0.24	0.19	0.19	0.19	0.19
23	CSL	3	0.24	0.19	0.19	0.19	0.19
24	CSL	3	0.24	0.19	0.19	0.19	0.19
25	CSL	3	0.24	0.19	0.19	0.19	0.19
26	CSL	3	0.24	0.19	0.19	0.19	0.19
27	CSL	3	0.24	0.19	0.19	0.19	0.19
28	CSL	3	0.24	0.19	0.19	0.19	0.19
29	CSL	3	0.24	0.19	0.19	0.19	0.19
30	CSL	3	0.24	0.19	0.19	0.19	0.19
31	CSL	3	0.24	0.19	0.19	0.19	0.19
32	CSL	3	0.24	0.19	0.19	0.19	0.19
33	CSL	3	0.24	0.19	0.19	0.19	0.19
34	CSL	3	0.24	0.19	0.19	0.19	0.19
35	CSL	3	0.24	0.19	0.19	0.19	0.19
36	CSL	3	0.24	0.19	0.19	0.19	0.19
37	CSL	3	0.24	0.19	0.19	0.19	0.19
38	CSL	3	0.24	0.19	0.19	0.19	0.19
39	CSL	3	0.24	0.19	0.19	0.19	0.19
40	CSL	3	0.24	0.19	0.19	0.19	0.19
41	CSL	3	0.24	0.19	0.19	0.19	0.19
42	CSL	3	0.24	0.19	0.19	0.19	0.19
43	CSL	3	0.24	0.19	0.19	0.19	0.19
44	CSL	3	0.24	0.19	0.19	0.19	0.19
45	CSL	3	0.24	0.19	0.19	0.19	0.19
46	CSL	3	0.24	0.19	0.19	0.19	0.19
47	CSL	3	0.24	0.19	0.19	0.19	0.19
48	CSL	3	0.24	0.19	0.19	0.19	0.19
49	CSL	3	0.24	0.19	0.19	0.19	0.19
50	CSL	3	0.24	0.19	0.19	0.19	0.19
51	CSL	3	0.24	0.19	0.19	0.19	0.19
52	CSL	3	0.24	0.19	0.19	0.19	0.19
53	CSL	3	0.24	0.19	0.19	0.19	0.19
54	CSL	3	0.24	0.19	0.19	0.19	0.19
55	CSL	3	0.24	0.19	0.19	0.19	0.19
56	CSL	3	0.24	0.19	0.19	0.19	0.19
57	CSL	3	0.24	0.19	0.19	0.19	0.19
58	CSL	3	0.24	0.19	0.19	0.19	0.19
59	CSL	3	0.24	0.19	0.19	0.19	0.19
60	CSL	3	0.24	0.19	0.19	0.19	0.19
61	CSL	3	0.24	0.19	0.19	0.19	0.19
62	CSL	3	0.24	0.19	0.19	0.19	0.19
63	CSL	3	0.24	0.19	0.19	0.19	0.19
64	CSL	3	0.24	0.19	0.19	0.19	0.19
65	CSL	3	0.24	0.19	0.19	0.19	0.19
66	CSL	3	0.24	0.19	0.19	0.19	0.19
67	CSL	3	0.24	0.19	0.19	0.19	0.19
68	CSL	3	0.24	0.19	0.19	0.19	0.19
69	CSL	3	0.24	0.19	0.19	0.19	0.19
70	CSL	3	0.24	0.19	0.19	0.19	0.19
71	CSL	3	0.24	0.19	0.19	0.19	0.19
72	CSL	3	0.24	0.19	0.19	0.19	0.19
73	CSL	3	0.24	0.19	0.19	0.19	0.19
74	CSL	3	0.24	0.19	0.19	0.19	0.19
75	CSL	3	0.24	0.19	0.19	0.19	0.19
76	CSL	3	0.24	0.19	0.19	0.19	0.19
77	CSL	3	0.24	0.19	0.19	0.19	0.19
78	CSL	3	0.24	0.19	0.19	0.19	0.19
79	CSL	3	0.24	0.19	0.19	0.19	0.19
80	CSL	3	0.24	0.19	0.19	0.19	0.19
81	CSL	3	0.24	0.19	0.19	0.19	0.19
82	CSL	3	0.24	0.19	0.19	0.19	0.19
83	CSL	3	0.24	0.19	0.19	0.19	0.19
84	CSL	3	0.24	0.19	0.19	0.19	0.19
85	CSL	3	0.24	0.19	0.19	0.19	0.19
86	CSL	3	0.24	0.19	0.19	0.19	0.19
87	CSL	3	0.24	0.19	0.19	0.19	0.19
88	CSL	3	0.24	0.19	0.19	0.19	0.19
89	CSL	3	0.24	0.19	0.19	0.19	0.19
90	CSL	3	0.24	0.19	0.19	0.19	0.19
91	CSL	3	0.24	0.19	0.19	0.19	0.19
92	CSL	3	0.24	0.19	0.19	0.19	0.19
93	CSL	3	0.24	0.19	0.19	0.19	0.19
94	CSL	3	0.24	0.19	0.19	0.19	0.19
95	CSL	3	0.24	0.19	0.19	0.19	0.19
96	CSL	3	0.24	0.19	0.19	0.19	0.19
97	CSL	3	0.24	0.19	0.19	0.19	0.19
98	CSL	3	0.24	0.19	0.19	0.19	0.19
99	CSL	3	0.24	0.19	0.19	0.19	0.19
100	CSL	3	0.24	0.19	0.19	0.19	0.19
101	CSL	3	0.24	0.19	0.19	0.19	0.19
102	CSL	3	0.24	0.19	0.19	0.19	0.19
103	CSL	3	0.24	0.19	0.19	0.19	0.19
104	CSL	3	0.24	0.19	0.19	0.19	0.19
105	CSL	3	0.24	0.19	0.19	0.19	0.19
106	CSL	3	0.24	0.19	0.19	0.19	0.19
107	CSL	3	0.24	0.19	0.19	0.19	0.19
108	CSL	3	0.24	0.19	0.19	0.19	0.19
109	CSL	3	0.24	0.19	0.19	0.19	0.19
110	CSL	3	0.24	0.19	0.19	0.19	0.19
111	CSL	3	0.24	0.19	0.19	0.19	0.19
112	CSL	3	0.24	0.19	0.19	0.19	0.19
113	CSL	3	0.24	0.19	0.19	0.19	0.19
114	CSL	3	0.24	0.19	0.19	0.19	0.19
115	CSL	3	0.24	0.19	0.19	0.19	0.19
116	CSL	3	0.24	0.19	0.19	0.19	0.19
117	CSL	3	0.24	0.19	0.19	0.19	0.19
118	CSL	3	0.24	0.19	0.19	0.19	0.19
119	CSL	3	0.24	0.19	0.19	0.19	0.19
120	CSL	3	0.24	0.19	0.19	0.19	0.19
121	CSL	3	0.24	0.19	0.19	0.19	0.19
122	CSL	3	0.24	0.19	0.19	0.19	0.19
123	CSL	3	0.24	0.19	0.19	0.19	0.19
124	CSL	3	0.24	0.19	0.19	0.19	0.19
125	CSL	3	0.24	0.19	0.19	0.19	0.19
126	CSL	3	0.24	0.19	0.19	0.19	0.19
127	CSL	3	0.24	0.19	0.19	0.19	0.19
128	CSL	3	0.24	0.19	0.19	0.19	0.19
129	CSL	3	0.24	0.19	0.19	0.19	0.19
130	CSL	3	0.24	0.19	0.19	0.19	0.19
131	CSL	3	0.24	0.19	0.19	0.19	0.19
132	CSL	3	0.24	0.19	0.19	0.19	0.19
133	CSL	3	0.24	0.19	0.19	0.19	0.19
134	CSL	3	0.24	0.19	0.19	0.19	0.19
135	CSL	3	0.24	0.19	0.19	0.19	0.19
136	CSL	3	0.24	0.19	0.19	0.19	0.19
137	CSL	3	0.24	0.19	0.19	0.19	0.19
138	CSL	3	0.24	0.19	0.19	0.19	0.19
139	CSL	3	0.24	0.19	0.19	0.19	0.19
140	CSL	3	0.24	0.19	0.19	0.19	0.19
141	CSL	3	0.24	0.19	0.19	0.19	0.19
142	CSL	3	0.24	0.19	0.19	0.19	0.19
143	CSL	3	0.24	0.19	0.19	0.19	0.19
144	CSL	3	0.24	0.19	0.19	0.19	0.19
145	CSL	3	0.24	0.19	0.19	0.19	0.19
146	CSL	3	0.24	0.19	0.19	0.19	0.19
147	CSL	3	0.24	0.19	0.19	0.19	0.19
148	CSL	3	0.24	0.19	0.19	0.19	0.19
149	CSL	3	0.24	0.19	0.19	0.19	0.19
150	CSL	3	0.24	0.19	0.19	0.19	0.19
151	CSL	3	0.24	0.19	0.19	0.19	0.19
152	CSL	3	0.24	0.19	0.19	0.19	0.19
153	CSL	3	0.24	0.19	0.19	0.19	0.19
154	CSL	3	0.24	0.19	0.19	0.19	0.19
155	CSL	3	0.24	0.19	0.19	0.19	0.19
156	CSL	3	0.24	0.19	0.19	0.19	0.19
157	CSL	3	0.24	0.19	0.19	0.19	0.19
158	CSL	3	0.24	0.19	0.19	0.19	0.19
159	CSL	3	0.24	0.19	0.19	0.19	0.19
160	CSL	3	0.24	0.19	0.19	0.19	0.19
161	CSL	3	0.24	0.19	0.19	0.19	0.19
162	CSL	3	0.24	0.19	0.19	0.19	0.19
163	CSL	3	0.24	0.19	0.19	0.19	0.19
164	CSL	3	0.24	0.19	0.19	0.19	0.19
165	CSL	3	0.24	0.19	0.19	0.19	0.19
166	CSL	3	0.24	0.19	0.19	0.19	0.19
167	CSL	3	0.24	0.19	0.19	0.19	0.19
168	CSL	3	0.24	0.19	0.19	0.19	0.19
169	CSL	3	0.24	0.19	0.19	0.19	0.19
170	CSL	3	0.24	0.19	0.19	0.19	0.19
171	CSL	3	0.24	0.19	0.19	0.19	0.19
172	CSL	3	0.24	0.19	0.19	0.19	0.19
173	CSL	3	0.24	0.19	0.19	0.19	0.19
174	CSL	3	0.24	0.19	0.19	0.19	0.19
175	CSL	3	0.24	0.19	0.19	0.19	0.19
176	CSL	3	0.24	0.19	0.19	0.19	0.19
177	CSL	3	0.24	0.19	0.19	0.19	0.19
178	CSL	3	0.24	0.19	0.19	0.19	0.19
179	CSL	3	0.24	0.19	0.19	0.19	0.19
180	CSL	3	0.24	0.19	0.19	0.19	0.19
181	CSL	3	0.24	0.19	0.19	0.19	0.19
182	CSL	3	0.24	0.19	0.19	0.19	0.19
183	CSL	3	0.24	0.19	0.19	0.19	0.19
184	CSL	3	0.24	0.19	0.19	0.19	0.19
185	CSL	3	0.24	0.19	0.19	0.19	0.19
186	CSL	3	0.24	0.19	0.19	0.19	0.19
187	CSL	3	0.24	0.19	0.19	0.19	0.19
188	CSL	3	0.24	0.19	0.19	0.19	0.19
189	CSL	3	0.24	0.19	0.19	0.19	0.19
190	CSL	3	0.24	0.19	0.19	0.19	0.19
191	CSL	3	0.24	0.19	0.19	0.19	0.19
192	CSL	3	0.24	0.19	0.19	0.19	0.19
193	CSL	3	0.24	0.19	0.19	0.19	0.19
194	CSL	3	0.24	0.19	0.19	0.19	0.19
195	CSL	3	0.24	0.19	0.19	0.19	0.19
196	CSL	3	0.24	0.19	0.19	0.19	0.19
197	CSL	3	0.24	0.19	0.19	0.19	0.19
198	CSL	3	0.24	0.19	0.19	0.19	0.19
199	CSL	3	0.24	0.19	0.19	0.19	0.19
200	CSL	3	0.24	0.19	0.19	0.19	0.19
201	CSL	3	0.24	0.19	0.19	0.19	0.19
202	CSL	3	0.24	0.19	0.19	0.19	0.19
203	CSL	3	0.24	0.19	0.19	0.19	0.19
204	CSL	3	0.24	0.19	0.19	0.19	0.19
205	CSL	3	0.24	0.19	0.19	0.19	0.19
206	CSL	3	0.24	0.19	0.19	0.19	0.19
207	CSL	3	0.24	0.19	0.19	0.19	0.19
208	CSL	3	0.24	0.19	0.19	0.19	0.19
209	CSL	3	0.24	0.19	0.19	0.19	0.19
210	CSL	3	0.24	0.19	0.19	0.19	0.19
211	CSL	3	0.24	0.19	0.19	0.19	0.19
212	CSL	3	0.24	0.19	0.19	0.19	0.19
213	CSL	3	0.24	0.19	0.19	0.19	0.19
214	CSL	3	0.24	0.19	0.19	0.19	0.19
215	CSL	3	0.24	0.19	0.19	0.19	0.19
216	CSL	3	0.24	0.19	0.19	0.19	0.19
217	CSL	3	0.24	0.19	0.19	0.19	0.19
218	CSL	3	0.24	0.19	0.19	0.19	0.19
219	CSL	3	0.24	0.19	0.19	0.19	0.19
220	CSL	3	0.24	0.19	0.19	0.19	0.19
221	CSL	3	0.24	0.19	0.19	0.19	0.19
222	CSL	3	0.24	0.19	0.19	0.19	0.19
223	CSL	3	0.24	0.19	0.19	0.19	0.19
224	CSL	3	0.24	0.19	0.19	0.19	0.19
225	CSL	3	0.24	0.19	0.19	0.19	0.19
226	CSL	3	0.24	0.19	0.19	0.19	0.19
227	CSL	3	0.24	0.19	0.19	0.19	0.19
228	CSL	3	0.24	0.19	0.19	0.19	0.19
229	CSL	3	0.24	0.19	0.19	0.19	0.19
230	CSL	3	0.24	0.19	0.19	0.19	0.19
231	CSL	3	0.24	0.19	0.19	0.19	0.19
232	CSL	3	0.24	0.19	0.19	0.19	0.19
233	CSL	3	0.24	0.19	0.19	0.19	0.19
234	CSL	3	0.24	0.19	0.19	0.19	0.19
235	CSL	3	0.24	0.19	0.19	0.19	0.19
236	CSL	3	0.24	0.19	0.19	0.19	0.19
237	CSL	3	0.24	0.19	0.19	0.19	0.19
238	CSL	3	0.24	0.19	0.19	0.19	0.19
239	CSL	3	0.24	0.19	0.19	0.19	0.19
240	CSL	3	0.24	0.19	0.19	0.19	0.19
241	CSL	3	0.24	0.19	0.19	0.19	0.19
242	CSL	3	0.24	0.19	0.19	0.19	0.19
243	CSL	3	0.24	0.19	0.19	0.19	0.19
244	CSL	3	0.24	0.19	0.19	0.19	0.19
245	CSL	3	0.24	0.19	0.19	0.19	0.19
246	CSL	3	0.24	0.19	0.19	0.19	0.19
247	CSL	3	0.24	0.19	0.19	0.19	0.19
248	CSL	3	0.24	0.19	0.19	0.19	0.19
249	CSL	3	0.24	0.19	0.19	0.19	0.19
250	CSL	3	0.24	0.19	0.19	0.19	0.19
251	CSL	3	0.24	0.19	0.19	0.19	0.19
252	CSL	3	0.24	0.19	0.19	0.19	0.19
253	CSL	3	0.24	0.19	0.19	0.19	0.19
254	CSL	3	0.24	0.19	0.19	0.19	0.19
255	CSL	3	0.24	0.19	0.19	0.19	0.19
256	CSL	3	0.24	0.19	0.19	0.19	0.19
257	CSL	3	0.24	0.19	0.19	0.19	0.19
258	CSL	3	0.24	0.19	0.19	0.19	0.19
259	CSL	3	0.24	0.19	0.19	0.19	0.19
260	CSL	3	0.24	0.19	0.19	0.19	0.19
261	CSL	3	0.24	0.19	0.19	0.19	0.19
262	CSL	3	0.24	0.19	0.19	0.19	0.19
263	CSL	3	0.24	0.19	0.19	0.19	0.19
264	CSL	3	0.24	0.19	0.19	0.19	0.19
265	CSL	3	0.24	0.19	0.19	0.19	0.19
266	CSL	3	0.24	0.19	0.19	0.19	0.19
267	CSL	3	0.24	0.19	0.19	0.19	0.19
268	CSL	3	0.24	0.19	0.19	0.19	0.19
269	CSL	3	0.24	0.19	0.19	0.19	0.19
270	CSL	3	0.24	0.19	0.19	0.19	0.19
271	CSL	3	0.24	0.19	0.19	0.19	0.19
272	CSL	3	0.24	0.19	0.19	0.19	0.19
273	CSL	3	0.24	0.19	0.19	0.19	0.19
274	CSL	3	0.24	0.19	0.19	0.19	0.19
275	CSL	3	0.24	0.19	0.19	0.19	0.19
276	CSL	3	0.24	0.19	0.19	0.19	0.19
277	CSL	3	0.24	0.19	0.19	0.19	0.19
278	CSL	3	0.24	0.19	0.19	0.19	0.19
279	CSL	3	0.24	0.19	0.19	0.19	0.19
280	CSL	3	0.24	0.19	0.19	0.19	0.19
281	CSL	3	0.24	0.19	0.19	0.19	0.19
282	CSL	3	0.24	0.19	0.19	0.19	0.19
283	CSL	3	0.24	0.19	0.19	0.19	0.19
284	CSL	3	0.24	0.19	0.19	0.19	0.19
285	CSL	3	0.24	0.19	0.19	0.19	0.19
286	CSL	3	0.24	0.19	0.19	0.19	0.19
287	CSL	3	0.24	0.19	0.19	0.19	0.19
288	CSL	3	0.24	0.19	0.19	0.19	0.19
289	CSL	3	0.24	0.19	0.19	0.19	0.19
290	CSL	3	0.24	0.19	0.19	0.19	0.19
291	CSL	3	0.24	0.19	0.19	0.19	0.19
292	CSL	3	0.24	0.19	0.19	0.19	0.19
293	CSL	3	0.24	0.19	0.19	0.19	0.19
294	CSL	3	0.24	0.19	0.19	0.19	0.19
295	CSL	3	0.24	0.19	0.19	0.19	0.19
296	CSL	3	0.24	0.19	0.19	0.19	0.19
297	CSL	3	0.24	0.19	0.19	0.19	0.19
298	CSL	3	0.24	0.19	0.19	0.19	0.19
299	CSL	3	0.24	0.19	0.19	0.19	0.19
300	CSL	3	0.24	0.19	0.19	0.19	0.19
301	CSL	3	0.24	0.19	0.19	0.19	0.19
302	CSL	3	0.24	0.19	0.19	0.19	0.19
303	CSL	3	0.24	0.19	0.19	0.19	0.19
304	CSL	3	0.24	0.19	0.19	0.19	0.19
305	CSL	3	0.24	0.19	0.19	0.19	0.19
306	CSL	3	0.24	0.19	0.19	0.19	0.19
307	CSL	3	0.24	0.19	0.19	0.19	0.19
308	CSL	3	0.24	0.19	0.19	0.19	0.19
309	CSL	3	0.24	0.19	0.19	0.19	0.19
310	CSL	3	0.24	0.19	0.19	0.19	0.19
311	CSL	3	0.24	0.19	0.19	0.19	0.19
312	CSL	3	0.24	0.19	0.19	0.19	0.19
313	CSL	3	0.24	0.19	0.19	0.19	0.19
314	CSL	3	0.24	0.19	0.19	0.19	0.19
315	CSL	3	0.24	0.19	0.19	0.19	0.19
316	CSL	3	0.24	0.19	0.19	0.19	0.19
317	CSL	3	0.24	0.19	0.19	0.19	0.19
318	CSL	3	0.24	0.19	0.19	0.19	0.19
319	CSL	3	0.24	0.19	0.19	0.19	0.19
320	CSL	3	0.24	0.19	0.19	0.19	0.19
321	CSL	3	0.24	0.19	0.19	0.19	0.19
322	CSL	3	0.24	0.19	0.19	0.19	0.19
323	CSL	3	0.24	0.19	0.19	0.19	0.19
324	CSL	3	0.24	0.19	0.19	0.19	0.19
325	CSL	3	0.24	0.19	0.19	0.19	0.19
326	CSL	3	0.24	0.19	0.19	0.19	0.19
327	CSL	3	0.24	0.19	0.19	0.19	0.19
328	CSL	3	0.24	0.19	0.19	0.19	0.19
329	CSL	3	0.24	0.19	0.19	0.19	0.19
330	CSL	3	0.24	0.19	0.19	0.19	0.19
331	CSL	3	0.24	0.19	0.19	0.19	0.19
332	CSL	3	0.24	0.19	0.19	0.19	0.19
333	CSL	3	0.24	0.19	0.19	0.19	0.19
334	CSL	3	0.24	0.19	0.19	0.19	0.19
335	CSL	3	0.24	0.19	0.19	0.19	0.19
336	CSL	3	0.24	0.19	0.19	0.19	0.19
337	CSL	3	0.24	0.19	0.19	0.19	0.19
338	CSL	3	0.24	0.19	0.19	0.19	0.19
339	CSL	3	0.24	0.19	0.19	0.19	0.19
340	CSL	3	0.24	0.19	0.19	0.19	0.19
341	CSL	3	0.24	0.19	0.19	0.19	0.19
342	CSL	3	0.24	0.19	0.19	0.19	0.19
343	CSL	3	0.24	0.19	0.19	0.19	0.19
344	CSL	3	0.24	0.19	0.19	0.19	0.19
345	CSL	3	0.24	0.19	0.19	0.19	0.19
346	CSL	3	0.24	0.19	0.19	0.19	0.19
347	CSL	3	0.24	0.19	0.19	0.19	0.19
348	CSL	3	0.24	0.19	0.19	0.19	0.19
349	CSL	3	0.24	0.19	0.19	0.19	0.19
350	CSL	3	0.24	0.19	0.19	0.19	0.19
351	CSL	3	0.24	0.19	0.19	0.19	0.19
352	CSL	3	0.24	0.19	0.19	0.19	0.19
353	CSL	3	0.24	0.19	0.19	0.19	0.19
354	CSL	3	0.24	0.19	0.19	0.19	0.19
355	CSL	3	0.24	0.19	0.19	0.19	0.19
356	CSL	3	0.24	0.19	0.19	0.19	0.19
357	CSL	3	0.24	0.19	0.19	0.19	0.19
358	CSL	3	0.24	0.19	0.19	0.19	0.19
359	CSL	3	0.24	0.19	0.19	0.19	0.19
360	CSL	3	0.24	0.19	0.19	0.19	0.19
361	CSL	3	0.24	0.19	0.19	0.19	0.19
362	CSL	3	0.24	0.19	0.19	0.19	0.19
363	CSL	3	0.24	0.19	0.19	0.19	0.19
364	CSL	3	0.24	0.19	0.19	0.19	0.19
365	CSL	3	0.24	0.19	0.19	0.19	0.19
1	KW	4	0	0.041666667	0.354166667	0.520833333	0.083333333
2	KW	4	0	0.041666667	0.354166667	0.520833333	0.083333333
3	KW	4	0	0.041666667	0.354166667	0.520833333	0.083333333
4	KW	4	0	0.041666667	0.354166667	0.520833333	0.083333333
5	KW	4	0	0.041666667	0.354166667	0.520833333	0.083333333
6	KW	4	0	0.041666667	0.354166667	0.520833333	0.083333333
7	KW	4	0	0.041666667	0.354166667	0.520833333	0.083333333
8	KW	4	0	0.041666667	0.354166667	0.520833333	0.083333333
9	KW	4	0	0.041666667	0.354166667	0.520833333	0.083333333
10	KW	4	0	0.041666667	0.354166667	0.520833333	0.083333333
11	KW	4	0	0.041666667	0.354166667	0.520833333	0.083333333
12	KW	4	0	0.041666667	0.354166667	0.520833333	0.083333333
13	KW	4	0	0.041666667	0.354166667	0.520833333	0.083333333
14	KW	4	0	0.041666667	0.354166667	0.520833333	0.083333333
15	KW	4	0	0.041666667	0.354166667	0.520833333	0.083333333
16	KW	4	0	0.041666667	0.354166667	0.520833333	0.083333333
17	KW	4	0	0.041666667	0.354166667	0.520833333	0.083333333
18	KW	4	0	0.041666667	0.354166667	0.520833333	0.083333333
19	KW	4	0	0.041666667	0.354166667	0.520833333	0.083333333
20	KW	4	0	0.041666667	0.354166667	0.520833333	0.083333333
21	KW	4	0	0.041666667	0.354166667	0.520833333	0.083333333
22	KW	4	0	0.041666667	0.354166667	0.520833333	0.083333333
23	KW	4	0	0.041666667	0.354166667	0.520833333	0.083333333
24	KW	4	0	0.041666667	0.354166667	0.520833333	0.083333333
25	KW	4	0	0.041666667	0.354166667	0.520833333	0.083333333
26	KW	4	0	0.041666667	0.354166667	0.520833333	0.083333333
27	KW	4	0	0.041666667	0.354166667	0.520833333	0.083333333
28	KW	4	0	0.041666667	0.354166667	0.520833333	0.083333333
29	KW	4	0	0.041666667	0.354166667	0.520833333	0.083333333
30	KW	4	0	0.041666667	0.354166667	0.520833333	0.083333333
31	KW	4	0	0.041666667	0.354166667	0.520833333	0.083333333
32	KW	4	0	0.041666667	0.354166667	0.520833333	0.083333333
33	KW	4	0	0.041666667	0.354166667	0.520833333	0.083333333
34	KW	4	0	0.041666667	0.354166667	0.520833333	0.083333333
35	KW	4	0	0.041666667	0.354166667	0.520833333	0.083333333
36	KW	4	0	0.041666667	0.354166667	0.520833333	0.083333333
37	KW	4	0	0.041666667	0.354166667	0.520833333	0.083333333
38	KW	4	0	0.041666667	0.354166667	0.520833333	0.083333333
39	KW	4	0	0.041666667	0.354166667	0.520833333	0.083333333
40	KW	4	0	0.041666667	0.354166667	0.520833333	0.083333333
41	KW	4	0	0.041666667	0.354166667	0.520833333	0.083333333
42	KW	4	0	0.041666667	0.354166667	0.520833333	0.083333333
43	KW	4	0	0.041666667	0.354166667	0.520833333	0.083333333
44	KW	4	0	0.041666667	0.354166667	0.520833333	0.083333333
45	KW	4	0	0.041666667	0.354166667	0.520833333	0.083333333
46	KW	4	0	0.041666667	0.354166667	0.520833333	0.083333333
47	KW	4	0	0.041666667	0.354166667	0.520833333	0.083333333
48	KW	4	0	0.041666667	0.354166667	0.520833333	0.083333333
49	KW	4	0	0.041666667	0.354166667	0.520833333	0.083333333
50	KW	4	0	0.041666667	0.354166667	0.520833333	0.083333333
51	KW	4	0	0.041666667	0.354166667	0.520833333	0.083333333
52	KW	4	0	0.041666667	0.354166667	0.520833333	0.083333333
53	KW	4	0	0.041666667	0.354166667	0.520833333	0.083333333
54	KW	4	0	0.041666667	0.354166667	0.520833333	0.083333333
55	KW	4	0	0.041666667	0.354166667	0.520833333	0.083333333
56	KW	4	0	0.041666667	0.354166667	0.520833333	0.083333333
57	KW	4	0	0.041666667	0.354166667	0.520833333	0.083333333
58	KW	4	0	0.041666667	0.354166667	0.520833333	0.083333333
59	KW	4	0	0.041666667	0.354166667	0.520833333	0.083333333
60	KW	4	0	0.041666667	0.354166667	0.520833333	0.083333333
61	KW	4	0	0.041666667	0.354166667	0.520833333	0.083333333
62	KW	4	0	0.041666667	0.354166667	0.520833333	0.083333333
63	KW	4	0	0.041666667	0.354166667	0.520833333	0.083333333
64	KW	4	0	0.041666667	0.354166667	0.520833333	0.083333333
65	KW	4	0	0.041666667	0.354166667	0.520833333	0.083333333
66	KW	4	0	0.041666667	0.354166667	0.520833333	0.083333333
67	KW	4	0	0.041666667	0.354166667	0.520833333	0.083333333
68	KW	4	0	0.041666667	0.354166667	0.520833333	0.083333333
69	KW	4	0	0.041666667	0.354166667	0.520833333	0.083333333
70	KW	4	0	0.041666667	0.354166667	0.520833333	0.083333333
71	KW	4	0	0.041666667	0.354166667	0.520833333	0.083333333
72	KW	4	0	0.041666667	0.354166667	0.520833333	0.083333333
73	KW	4	0	0.041666667	0.354166667	0.520833333	0.083333333
74	KW	4	0	0.041666667	0.354166667	0.520833333	0.083333333
75	KW	4	0	0.041666667	0.354166667	0.520833333	0.083333333
76	KW	4	0	0.041666667	0.354166667	0.520833333	0.083333333
77	KW	4	0	0.041666667	0.354166667	0.520833333	0.083333333
78	KW	4	0	0.041666667	0.354166667	0.520833333	0.083333333
79	KW	4	0	0.041666667	0.354166667	0.520833333	0.083333333
80	KW	4	0	0.041666667	0.354166667	0.520833333	0.083333333
81	KW	4	0	0.041666667	0.354166667	0.520833333	0.083333333
82	KW	4	0	0.041666667	0.354166667	0.520833333	0.083333333
83	KW	4	0	0.041666667	0.354166667	0.520833333	0.083333333
84	KW	4	0	0.041666667	0.354166667	0.520833333	0.083333333
85	KW	4	0	0.041666667	0.354166667	0.520833333	0.083333333
86	KW	4	0	0.041666667	0.354166667	0.520833333	0.083333333
87	KW	4	0	0.041666667	0.354166667	0.520833333	0.083333333
88	KW	4	0	0.041666667	0.354166667	0.520833333	0.083333333
89	KW	4	0	0.041666667	0.354166667	0.520833333	0.083333333
90	KW	4	0	0.041666667	0.354166667	0.520833333	0.083333333
91	KW	4	0	0.041666667	0.354166667	0.520833333	0.083333333
92	KW	4	0	0.041666667	0.354166667	0.520833333	0.083333333
93	KW	4	0	0.041666667	0.354166667	0.520833333	0.083333333
94	KW	4	0	0.041666667	0.354166667	0.520833333	0.083333333
95	KW	4	0	0.041666667	0.354166667	0.520833333	0.083333333
96	KW	4	0	0.041666667	0.354166667	0.520833333	0.083333333
97	KW	4	0	0.041666667	0.354166667	0.520833333	0.083333333
98	KW	4	0	0.041666667	0.354166667	0.520833333	0.083333333
99	KW	4	0	0.041666667	0.354166667	0.520833333	0.083333333
100	KW	4	0	0.041666667	0.354166667	0.520833333	0.083333333
101	KW	4	0	0.041666667	0.354166667	0.520833333	0.083333333
102	KW	4	0	0.041666667	0.354166667	0.520833333	0.083333333
103	KW	4	0	0.041666667	0.354166667	0.520833333	0.083333333
104	KW	4	0	0.041666667	0.354166667	0.520833333	0.083333333
105	KW	4	0	0.041666667	0.354166667	0.520833333	0.083333333
106	KW	4	0	0.041666667	0.354166667	0.520833333	0.083333333
107	KW	4	0	0.041666667	0.354166667	0.520833333	0.083333333
108	KW	4	0	0.041666667	0.354166667	0.520833333	0.083333333
109	KW	4	0	0.041666667	0.354166667	0.520833333	0.083333333
110	KW	4	0	0.041666667	0.354166667	0.520833333	0.083333333
111	KW	4	0	0.041666667	0.354166667	0.520833333	0.083333333
112	KW	4	0	0.041666667	0.354166667	0.520833333	0.083333333
113	KW	4	0	0.041666667	0.354166667	0.520833333	0.083333333
114	KW	4	0	0.041666667	0.354166667	0.520833333	0.083333333
115	KW	4	0	0.041666667	0.354166667	0.520833333	0.083333333
116	KW	4	0	0.041666667	0.354166667	0.520833333	0.083333333
117	KW	4	0	0.041666667	0.354166667	0.520833333	0.083333333
118	KW	4	0	0.041666667	0.354166667	0.520833333	0.083333333
119	KW	4	0	0.041666667	0.354166667	0.520833333	0.083333333
120	KW	4	0	0.041666667	0.354166667	0.520833333	0.083333333
121	KW	4	0	0.041666667	0.354166667	0.520833333	0.083333333
122	KW	4	0	0.041666667	0.354166667	0.520833333	0.083333333
123	KW	4	0	0.041666667	0.354166667	0.520833333	0.083333333
124	KW	4	0	0.041666667	0.354166667	0.520833333	0.083333333
125	KW	4	0	0.041666667	0.354166667	0.520833333	0.083333333
126	KW	4	0	0.041666667	0.354166667	0.520833333	0.083333333
127	KW	4	0	0.041666667	0.354166667	0.520833333	0.083333333
128	KW	4	0	0.041666667	0.354166667	0.520833333	0.083333333
129	KW	4	0	0.041666667	0.354166667	0.520833333	0.083333333
130	KW	4	0	0.041666667	0.354166667	0.520833333	0.083333333
131	KW	4	0	0.041666667	0.354166667	0.520833333	0.083333333
132	KW	4	0	0.041666667	0.354166667	0.520833333	0.083333333
133	KW	4	0	0.041666667	0.354166667	0.520833333	0.083333333
134	KW	4	0	0.041666667	0.354166667	0.520833333	0.083333333
135	KW	4	0	0.041666667	0.354166667	0.520833333	0.083333333
136	KW	4	0	0.041666667	0.354166667	0.520833333	0.083333333
137	KW	4	0	0.041666667	0.354166667	0.520833333	0.083333333
138	KW	4	0	0.041666667	0.354166667	0.520833333	0.083333333
139	KW	4	0	0.041666667	0.354166667	0.520833333	0.083333333
140	KW	4	0	0.041666667	0.354166667	0.520833333	0.083333333
141	KW	4	0	0.041666667	0.354166667	0.520833333	0.083333333
142	KW	4	0	0.041666667	0.354166667	0.520833333	0.083333333
143	KW	4	0	0.041666667	0.354166667	0.520833333	0.083333333
144	KW	4	0	0.041666667	0.354166667	0.520833333	0.083333333
145	KW	4	0	0.041666667	0.354166667	0.520833333	0.083333333
146	KW	4	0	0.041666667	0.354166667	0.520833333	0.083333333
147	KW	4	0	0.041666667	0.354166667	0.520833333	0.083333333
148	KW	4	0	0.041666667	0.354166667	0.520833333	0.083333333
149	KW	4	0	0.041666667	0.354166667	0.520833333	0.083333333
150	KW	4	0	0.041666667	0.354166667	0.520833333	0.083333333
151	KW	4	0	0.041666667	0.354166667	0.520833333	0.083333333
152	KW	4	0	0.041666667	0.354166667	0.520833333	0.083333333
153	KW	4	0	0.041666667	0.354166667	0.520833333	0.083333333
154	KW	4	0	0.041666667	0.354166667	0.520833333	0.083333333
155	KW	4	0	0.041666667	0.354166667	0.520833333	0.083333333
156	KW	4	0	0.041666667	0.354166667	0.520833333	0.083333333
157	KW	4	0	0.041666667	0.354166667	0.520833333	0.083333333
158	KW	4	0	0.041666667	0.354166667	0.520833333	0.083333333
159	KW	4	0	0.041666667	0.354166667	0.520833333	0.083333333
160	KW	4	0	0.041666667	0.354166667	0.520833333	0.083333333
161	KW	4	0	0.041666667	0.354166667	0.520833333	0.083333333
162	KW	4	0	0.041666667	0.354166667	0.520833333	0.083333333
163	KW	4	0	0.041666667	0.354166667	0.520833333	0.083333333
164	KW	4	0	0.041666667	0.354166667	0.520833333	0.083333333
165	KW	4	0	0.041666667	0.354166667	0.520833333	0.083333333
166	KW	4	0	0.041666667	0.354166667	0.520833333	0.083333333
167	KW	4	0	0.041666667	0.354166667	0.520833333	0.083333333
168	KW	4	0	0.041666667	0.354166667	0.520833333	0.083333333
169	KW	4	0	0.041666667	0.354166667	0.520833333	0.083333333
170	KW	4	0	0.041666667	0.354166667	0.520833333	0.083333333
171	KW	4	0	0.041666667	0.354166667	0.520833333	0.083333333
172	KW	4	0	0.041666667	0.354166667	0.520833333	0.083333333
173	KW	4	0	0.041666667	0.354166667	0.520833333	0.083333333
174	KW	4	0	0.041666667	0.354166667	0.520833333	0.083333333
175	KW	4	0	0.041666667	0.354166667	0.520833333	0.083333333
176	KW	4	0	0.041666667	0.354166667	0.520833333	0.083333333
177	KW	4	0	0.041666667	0.354166667	0.520833333	0.083333333
178	KW	4	0	0.041666667	0.354166667	0.520833333	0.083333333
179	KW	4	0	0.041666667	0.354166667	0.520833333	0.083333333
180	KW	4	0	0.041666667	0.354166667	0.520833333	0.083333333
181	KW	4	0	0.041666667	0.354166667	0.520833333	0.083333333
182	KW	4	0	0.041666667	0.354166667	0.520833333	0.083333333
183	KW	4	0	0.041666667	0.354166667	0.520833333	0.083333333
184	KW	4	0	0.041666667	0.354166667	0.520833333	0.083333333
185	KW	4	0	0.041666667	0.354166667	0.520833333	0.083333333
186	KW	4	0	0.041666667	0.354166667	0.520833333	0.083333333
187	KW	4	0	0.041666667	0.354166667	0.520833333	0.083333333
188	KW	4	0	0.041666667	0.354166667	0.520833333	0.083333333
189	KW	4	0	0.041666667	0.354166667	0.520833333	0.083333333
190	KW	4	0	0.041666667	0.354166667	0.520833333	0.083333333
191	KW	4	0	0.041666667	0.354166667	0.520833333	0.083333333
192	KW	4	0	0.041666667	0.354166667	0.520833333	0.083333333
193	KW	4	0	0.041666667	0.354166667	0.520833333	0.083333333
194	KW	4	0	0.041666667	0.354166667	0.520833333	0.083333333
195	KW	4	0	0.041666667	0.354166667	0.520833333	0.083333333
196	KW	4	0	0.041666667	0.354166667	0.520833333	0.083333333
197	KW	4	0	0.041666667	0.354166667	0.520833333	0.083333333
198	KW	4	0	0.041666667	0.354166667	0.520833333	0.083333333
199	KW	4	0	0.041666667	0.354166667	0.520833333	0.083333333
200	KW	4	0	0.041666667	0.354166667	0.520833333	0.083333333
201	KW	4	0	0.041666667	0.354166667	0.520833333	0.083333333
202	KW	4	0	0.041666667	0.354166667	0.520833333	0.083333333
203	KW	4	0	0.041666667	0.354166667	0.520833333	0.083333333
204	KW	4	0	0.041666667	0.354166667	0.520833333	0.083333333
205	KW	4	0	0.041666667	0.354166667	0.520833333	0.083333333
206	KW	4	0	0.041666667	0.354166667	0.520833333	0.083333333
207	KW	4	0	0.041666667	0.354166667	0.520833333	0.083333333
208	KW	4	0	0.041666667	0.354166667	0.520833333	0.083333333
209	KW	4	0	0.041666667	0.354166667	0.520833333	0.083333333
210	KW	4	0	0.041666667	0.354166667	0.520833333	0.083333333
211	KW	4	0	0.041666667	0.354166667	0.520833333	0.083333333
212	KW	4	0	0.041666667	0.354166667	0.520833333	0.083333333
213	KW	4	0	0.041666667	0.354166667	0.520833333	0.083333333
214	KW	4	0	0.041666667	0.354166667	0.520833333	0.083333333
215	KW	4	0	0.041666667	0.354166667	0.520833333	0.083333333
216	KW	4	0	0.041666667	0.354166667	0.520833333	0.083333333
217	KW	4	0	0.041666667	0.354166667	0.520833333	0.083333333
218	KW	4	0	0.041666667	0.354166667	0.520833333	0.083333333
219	KW	4	0	0.041666667	0.354166667	0.520833333	0.083333333
220	KW	4	0	0.041666667	0.354166667	0.520833333	0.083333333
221	KW	4	0	0.041666667	0.354166667	0.520833333	0.083333333
222	KW	4	0	0.041666667	0.354166667	0.520833333	0.083333333
223	KW	4	0	0.041666667	0.354166667	0.520833333	0.083333333
224	KW	4	0	0.041666667	0.354166667	0.520833333	0.083333333
225	KW	4	0	0.041666667	0.354166667	0.520833333	0.083333333
226	KW	4	0	0.041666667	0.354166667	0.520833333	0.083333333
227	KW	4	0	0.041666667	0.354166667	0.520833333	0.083333333
228	KW	4	0	0.041666667	0.354166667	0.520833333	0.083333333
229	KW	4	0	0.041666667	0.354166667	0.520833333	0.083333333
230	KW	4	0	0.041666667	0.354166667	0.520833333	0.083333333
231	KW	4	0	0.041666667	0.354166667	0.520833333	0.083333333
232	KW	4	0	0.041666667	0.354166667	0.520833333	0.083333333
233	KW	4	0	0.041666667	0.354166667	0.520833333	0.083333333
234	KW	4	0	0.041666667	0.354166667	0.520833333	0.083333333
235	KW	4	0	0.041666667	0.354166667	0.520833333	0.083333333
236	KW	4	0	0.041666667	0.354166667	0.520833333	0.083333333
237	KW	4	0	0.041666667	0.354166667	0.520833333	0.083333333
238	KW	4	0	0.041666667	0.354166667	0.520833333	0.083333333
239	KW	4	0	0.041666667	0.354166667	0.520833333	0.083333333
240	KW	4	0	0.041666667	0.354166667	0.520833333	0.083333333
241	KW	4	0	0.041666667	0.354166667	0.520833333	0.083333333
242	KW	4	0	0.041666667	0.354166667	0.520833333	0.083333333
243	KW	4	0	0.041666667	0.354166667	0.520833333	0.083333333
244	KW	4	0	0.041666667	0.354166667	0.520833333	0.083333333
245	KW	4	0	0.041666667	0.354166667	0.520833333	0.083333333
246	KW	4	0	0.041666667	0.354166667	0.520833333	0.083333333
247	KW	4	0	0.041666667	0.354166667	0.520833333	0.083333333
248	KW	4	0	0.041666667	0.354166667	0.520833333	0.083333333
249	KW	4	0	0.041666667	0.354166667	0.520833333	0.083333333
250	KW	4	0	0.041666667	0.354166667	0.520833333	0.083333333
251	KW	4	0	0.041666667	0.354166667	0.520833333	0.083333333
252	KW	4	0	0.041666667	0.354166667	0.520833333	0.083333333
253	KW	4	0	0.041666667	0.354166667	0.520833333	0.083333333
254	KW	4	0	0.041666667	0.354166667	0.520833333	0.083333333
255	KW	4	0	0.041666667	0.354166667	0.520833333	0.083333333
256	KW	4	0	0.041666667	0.354166667	0.520833333	0.083333333
257	KW	4	0	0.041666667	0.354166667	0.520833333	0.083333333
258	KW	4	0	0.041666667	0.354166667	0.520833333	0.083333333
259	KW	4	0	0.041666667	0.354166667	0.520833333	0.083333333
260	KW	4	0	0.041666667	0.354166667	0.520833333	0.083333333
261	KW	4	0	0.041666667	0.354166667	0.520833333	0.083333333
262	KW	4	0	0.041666667	0.354166667	0.520833333	0.083333333
263	KW	4	0	0.041666667	0.354166667	0.520833333	0.083333333
264	KW	4	0	0.041666667	0.354166667	0.520833333	0.083333333
265	KW	4	0	0.041666667	0.354166667	0.520833333	0.083333333
266	KW	4	0	0.041666667	0.354166667	0.520833333	0.083333333
267	KW	4	0	0.041666667	0.354166667	0.520833333	0.083333333
268	KW	4	0	0.041666667	0.354166667	0.520833333	0.083333333
269	KW	4	0	0.041666667	0.354166667	0.520833333	0.083333333
270	KW	4	0	0.041666667	0.354166667	0.520833333	0.083333333
271	KW	4	0	0.041666667	0.354166667	0.520833333	0.083333333
272	KW	4	0	0.041666667	0.354166667	0.520833333	0.083333333
273	KW	4	0	0.041666667	0.354166667	0.520833333	0.083333333
274	KW	4	0	0.041666667	0.354166667	0.520833333	0.083333333
275	KW	4	0	0.041666667	0.354166667	0.520833333	0.083333333
276	KW	4	0	0.041666667	0.354166667	0.520833333	0.083333333
277	KW	4	0	0.041666667	0.354166667	0.520833333	0.083333333
278	KW	4	0	0.041666667	0.354166667	0.520833333	0.083333333
279	KW	4	0	0.041666667	0.354166667	0.520833333	0.083333333
280	KW	4	0	0.041666667	0.354166667	0.520833333	0.083333333
281	KW	4	0	0.041666667	0.354166667	0.520833333	0.083333333
282	KW	4	0	0.041666667	0.354166667	0.520833333	0.083333333
283	KW	4	0	0.041666667	0.354166667	0.520833333	0.083333333
284	KW	4	0	0.041666667	0.354166667	0.520833333	0.083333333
285	KW	4	0	0.041666667	0.354166667	0.520833333	0.083333333
286	KW	4	0	0.041666667	0.354166667	0.520833333	0.083333333
287	KW	4	0	0.041666667	0.354166667	0.520833333	0.083333333
288	KW	4	0	0.041666667	0.354166667	0.520833333	0.083333333
289	KW	4	0	0.041666667	0.354166667	0.520833333	0.083333333
290	KW	4	0	0.041666667	0.354166667	0.520833333	0.083333333
291	KW	4	0	0.041666667	0.354166667	0.520833333	0.083333333
292	KW	4	0	0.041666667	0.354166667	0.520833333	0.083333333
293	KW	4	0	0.041666667	0.354166667	0.520833333	0.083333333
294	KW	4	0	0.041666667	0.354166667	0.520833333	0.083333333
295	KW	4	0	0.041666667	0.354166667	0.520833333	0.083333333
296	KW	4	0	0.041666667	0.354166667	0.520833333	0.083333333
297	KW	4	0	0.041666667	0.354166667	0.520833333	0.083333333
298	KW	4	0	0.041666667	0.354166667	0.520833333	0.083333333
299	KW	4	0	0.041666667	0.354166667	0.520833333	0.083333333
300	KW	4	0	0.041666667	0.354166667	0.520833333	0.083333333
301	KW	4	0	0.041666667	0.354166667	0.520833333	0.083333333
302	KW	4	0	0.041666667	0.354166667	0.520833333	0.083333333
303	KW	4	0	0.041666667	0.354166667	0.520833333	0.083333333
304	KW	4	0	0.041666667	0.354166667	0.520833333	0.083333333
305	KW	4	0	0.041666667	0.354166667	0.520833333	0.083333333
306	KW	4	0	0.041666667	0.354166667	0.520833333	0.083333333
307	KW	4	0	0.041666667	0.354166667	0.520833333	0.083333333
308	KW	4	0	0.041666667	0.354166667	0.520833333	0.083333333
309	KW	4	0	0.041666667	0.354166667	0.520833333	0.083333333
310	KW	4	0	0.041666667	0.354166667	0.520833333	0.083333333
311	KW	4	0	0.041666667	0.354166667	0.520833333	0.083333333
312	KW	4	0	0.041666667	0.354166667	0.520833333	0.083333333
313	KW	4	0	0.041666667	0.354166667	0.520833333	0.083333333
314	KW	4	0	0.041666667	0.354166667	0.520833333	0.083333333
315	KW	4	0	0.041666667	0.354166667	0.520833333	0.083333333
316	KW	4	0	0.041666667	0.354166667	0.520833333	0.083333333
317	KW	4	0	0.041666667	0.354166667	0.520833333	0.083333333
318	KW	4	0	0.041666667	0.354166667	0.520833333	0.083333333
319	KW	4	0	0.041666667	0.354166667	0.520833333	0.083333333
320	KW	4	0	0.041666667	0.354166667	0.520833333	0.083333333
321	KW	4	0	0.041666667	0.354166667	0.520833333	0.083333333
322	KW	4	0	0.041666667	0.354166667	0.520833333	0.083333333
323	KW	4	0	0.041666667	0.354166667	0.520833333	0.083333333
324	KW	4	0	0.041666667	0.354166667	0.520833333	0.083333333
325	KW	4	0	0.041666667	0.354166667	0.520833333	0.083333333
326	KW	4	0	0.041666667	0.354166667	0.520833333	0.083333333
327	KW	4	0	0.041666667	0.354166667	0.520833333	0.083333333
328	KW	4	0	0.041666667	0.354166667	0.520833333	0.083333333
329	KW	4	0	0.041666667	0.354166667	0.520833333	0.083333333
330	KW	4	0	0.041666667	0.354166667	0.520833333	0.083333333
331	KW	4	0	0.041666667	0.354166667	0.520833333	0.083333333
332	KW	4	0	0.041666667	0.354166667	0.520833333	0.083333333
333	KW	4	0	0.041666667	0.354166667	0.520833333	0.083333333
334	KW	4	0	0.041666667	0.354166667	0.520833333	0.083333333
335	KW	4	0	0.041666667	0.354166667	0.520833333	0.083333333
336	KW	4	0	0.041666667	0.354166667	0.520833333	0.083333333
337	KW	4	0	0.041666667	0.354166667	0.520833333	0.083333333
338	KW	4	0	0.041666667	0.354166667	0.520833333	0.083333333
339	KW	4	0	0.041666667	0.354166667	0.520833333	0.083333333
340	KW	4	0	0.041666667	0.354166667	0.520833333	0.083333333
341	KW	4	0	0.041666667	0.354166667	0.520833333	0.083333333
342	KW	4	0	0.041666667	0.354166667	0.520833333	0.083333333
343	KW	4	0	0.041666667	0.354166667	0.520833333	0.083333333
344	KW	4	0	0.041666667	0.354166667	0.520833333	0.083333333
345	KW	4	0	0.041666667	0.354166667	0.520833333	0.083333333
346	KW	4	0	0.041666667	0.354166667	0.520833333	0.083333333
347	KW	4	0	0.041666667	0.354166667	0.520833333	0.083333333
348	KW	4	0	0.041666667	0.354166667	0.520833333	0.083333333
349	KW	4	0	0.041666667	0.354166667	0.520833333	0.083333333
350	KW	4	0	0.041666667	0.354166667	0.520833333	0.083333333
351	KW	4	0	0.041666667	0.354166667	0.520833333	0.083333333
352	KW	4	0	0.041666667	0.354166667	0.520833333	0.083333333
353	KW	4	0	0.041666667	0.354166667	0.520833333	0.083333333
354	KW	4	0	0.041666667	0.354166667	0.520833333	0.083333333
355	KW	4	0	0.041666667	0.354166667	0.520833333	0.083333333
356	KW	4	0	0.041666667	0.354166667	0.520833333	0.083333333
357	KW	4	0	0.041666667	0.354166667	0.520833333	0.083333333
358	KW	4	0	0.041666667	0.354166667	0.520833333	0.083333333
359	KW	4	0	0.041666667	0.354166667	0.520833333	0.083333333
360	KW	4	0	0.041666667	0.354166667	0.520833333	0.083333333
361	KW	4	0	0.041666667	0.354166667	0.520833333	0.083333333
362	KW	4	0	0.041666667	0.354166667	0.520833333	0.083333333
363	KW	4	0	0.041666667	0.354166667	0.520833333	0.083333333
364	KW	4	0	0.041666667	0.354166667	0.520833333	0.083333333
365	KW	4	0	0.041666667	0.354166667	0.520833333	0.083333333
